A
t S I R
0 300 100 0
0.1 270 119.032 10
0.2 238.361 138.289 21.4032
0.3 206.469 156.497 34.162
0.4 175.865 172.353 48.1036
0.5 147.959 184.796 62.9338
0.6 123.764 193.23 78.2668
0.7 103.762 197.6 93.6765
0.8 87.9424 198.308 108.753
0.9 75.9404 196.032 123.146
1 67.2109 191.544 136.592
1.1 61.1667 185.567 148.916
1.2 57.262 178.71 160.027
1.3 55.0301 171.441 169.897
1.4 54.0905 164.105 178.546
1.5 54.1413 156.935 186.029
1.6 54.9461 150.086 192.421
1.7 56.3205 143.652 197.809
1.8 58.1205 137.68 202.284
1.9 60.2326 132.193 205.938
2 62.5671 127.191 208.86
2.1 65.0522 122.66 211.136
2.2 67.6297 118.581 212.845
2.3 70.2524 114.928 214.061
2.4 72.8815 111.674 214.851
2.5 75.485 108.792 215.276
2.6 78.0366 106.254 215.391
2.7 80.5144 104.034 215.247
2.8 82.9006 102.104 214.888
2.9 85.1805 100.443 214.354
3 87.3424 99.0265 213.681
3.1 89.3772 97.8337 212.899
3.2 91.2781 96.8447 212.038
3.3 93.0402 96.0409 211.12
3.4 94.6605 95.4048 210.168
3.5 96.1379 94.92 209.2
3.6 97.4725 94.5711 208.232
3.7 98.666 94.3437 207.278
3.8 99.7214 94.2239 206.348
3.9 100.643 94.1989 205.453
4 101.435 94.2565 204.601
4.1 102.104 94.3852 203.796
4.2 102.657 94.5742 203.045
4.3 103.1 94.8133 202.35
4.4 103.443 95.0931 201.714
4.5 103.692 95.4046 201.137
4.6 103.856 95.7397 200.621
4.7 103.944 96.091 200.164
4.8 103.964 96.4516 199.765
4.9 103.925 96.8155 199.422
5 103.834 97.1771 199.132
5.1 103.7 97.5316 198.893
5.2 103.531 97.8751 198.702
5.3 103.333 98.204 198.554
5.4 103.113 98.5154 198.447
5.5 102.877 98.8073 198.376
5.6 102.631 99.0778 198.338
5.7 102.379 99.3259 198.329
5.8 102.127 99.5508 198.345
5.9 101.877 99.7523 198.383
6 101.634 99.9305 198.439
6.1 101.4 100.086 198.51
6.2 101.176 100.219 198.593
6.3 100.966 100.331 198.685
6.4 100.77 100.424 198.784
6.5 100.59 100.497 198.887
6.6 100.425 100.554 198.993
6.7 100.277 100.594 199.099
6.8 100.144 100.621 199.203
6.9 100.028 100.635 199.305
7 99.9269 100.637 199.403
7.1 99.8407 100.63 199.497
7.2 99.7685 100.615 199.585
7.3 99.7096 100.593 199.667
7.4 99.6628 100.565 199.743
7.5 99.6274 100.533 199.813
7.6 99.6022 100.497 199.875
7.7 99.5862 100.459 199.931
7.8 99.5784 100.42 199.981
7.9 99.5778 100.379 200.024
8 99.5834 100.339 200.06
8.1 99.5943 100.299 200.091
8.2 99.6096 100.261 200.117
8.3 99.6285 100.223 200.137
8.4 99.6503 100.188 200.152
8.5 99.6741 100.155 200.163
8.6 99.6995 100.123 200.171
8.7 99.7258 100.095 200.175
8.8 99.7525 100.069 200.175
8.9 99.7791 100.045 200.173
9 99.8054 100.024 200.169
9.1 99.8309 100.006 200.163
9.2 99.8554 99.9895 200.156
9.3 99.8787 99.9758 200.147
9.4 99.9006 99.9642 200.137
9.5 99.9209 99.9548 200.127
9.6 99.9397 99.9472 200.116
9.7 99.9568 99.9415 200.105
9.8 99.9722 99.9374 200.094
9.9 99.9859 99.9348 200.083
10 99.998 99.9334 200.072
10.1 100.008 99.9332 200.062
10.2 100.017 99.934 200.052
10.3 100.025 99.9357 200.043
10.4 100.031 99.938 200.034
10.5 100.036 99.941 200.026
10.6 100.039 99.9444 200.019
10.7 100.042 99.9481 200.013
10.8 100.044 99.9521 200.007
10.9 100.044 99.9563 200.002
11 100.044 99.9605 199.997
11.1 100.044 99.9647 199.993
11.2 100.043 99.9689 199.99
11.3 100.041 99.9729 199.988
11.4 100.039 99.9768 199.985
11.5 100.037 99.9805 199.984
11.6 100.034 99.984 199.983
11.7 100.031 99.9872 199.982
11.8 100.029 99.9902 199.982
11.9 100.026 99.993 199.982
12 100.023 99.9954 199.982
12.1 100.02 99.9976 199.982
12.2 100.018 99.9995 199.983
12.3 100.015 100.001 199.984
12.4 100.013 100.003 199.985
12.5 100.01 100.004 199.986
12.6 100.008 100.005 199.987
12.7 100.006 100.006 199.988
12.8 100.004 100.006 199.989
12.9 100.003 100.007 199.99
13 100.001 100.007 199.991
13.1 100 100.007 199.992
13.2 99.999 100.007 199.994
13.3 99.9981 100.007 199.995
13.4 99.9973 100.007 199.996
13.5 99.9967 100.007 199.996
13.6 99.9962 100.006 199.997
13.7 99.9958 100.006 199.998
13.8 99.9956 100.005 199.999
13.9 99.9954 100.005 199.999
14 99.9953 100.005 200
14.1 99.9953 100.004 200
14.2 99.9954 100.004 200.001
14.3 99.9955 100.003 200.001
14.4 99.9957 100.003 200.001
14.5 99.9959 100.002 200.002
14.6 99.9962 100.002 200.002
14.7 99.9964 100.002 200.002
14.8 99.9967 100.001 200.002
14.9 99.997 100.001 200.002
15 99.9973 100.001 200.002
15.1 99.9976 100 200.002
15.2 99.9979 100 200.002
15.3 99.9982 100 200.002
15.4 99.9984 99.9999 200.002
15.5 99.9987 99.9997 200.002
15.6 99.9989 99.9996 200.002
15.7 99.9992 99.9995 200.001
15.8 99.9994 99.9994 200.001
15.9 99.9995 99.9993 200.001
16 99.9997 99.9993 200.001
16.1 99.9999 99.9993 200.001
16.2 100 99.9993 200.001
16.3 100 99.9993 200.001
16.4 100 99.9993 200.001
16.5 100 99.9993 200
16.6 100 99.9993 200
16.7 100 99.9994 200
16.8 100 99.9994 200
16.9 100 99.9994 200
17 100 99.9995 200
17.1 100 99.9995 200
17.2 100 99.9996 200
17.3 100 99.9996 200
17.4 100 99.9997 200
17.5 100 99.9997 200
17.6 100 99.9997 200
17.7 100 99.9998 200
17.8 100 99.9998 200
17.9 100 99.9999 200
18 100 99.9999 200
18.1 100 99.9999 200
18.2 100 100 200
18.3 100 100 200
18.4 100 100 200
18.5 100 100 200
18.6 100 100 200
18.7 100 100 200
18.8 100 100 200
18.9 100 100 200
19 100 100 200
19.1 100 100 200
19.2 100 100 200
19.3 100 100 200
19.4 100 100 200
19.5 100 100 200
19.6 100 100 200
19.7 100 100 200
19.8 100 100 200
19.9 100 100 200
20 100 100 200
20.1 99.9999 100 200
20.2 99.9999 100 200
20.3 99.9999 100 200
20.4 99.9999 100 200
20.5 100 100 200
20.6 100 100 200
20.7 100 100 200
20.8 100 100 200
20.9 100 100 200
21 100 100 200
21.1 100 100 200
21.2 100 100 200
21.3 100 100 200
21.4 100 100 200
21.5 100 100 200
21.6 100 100 200
21.7 100 100 200
21.8 100 100 200
21.9 100 100 200
22 100 100 200
22.1 100 100 200
22.2 100 100 200
22.3 100 100 200
22.4 100 100 200
22.5 100 100 200
22.6 100 100 200
22.7 100 100 200
22.8 100 100 200
22.9 100 100 200
23 100 100 200
23.1 100 100 200
23.2 100 100 200
23.3 100 100 200
23.4 100 100 200
23.5 100 100 200
23.6 100 100 200
23.7 100 100 200
23.8 100 100 200
23.9 100 100 200
24 100 100 200
24.1 100 100 200
24.2 100 100 200
24.3 100 100 200
24.4 100 100 200
24.5 100 100 200
24.6 100 100 200
24.7 100 100 200
24.8 100 100 200
24.9 100 100 200
25 100 100 200
25.1 100 100 200
25.2 100 100 200
25.3 100 100 200
25.4 100 100 200
25.5 100 100 200
25.6 100 100 200
25.7 100 100 200
25.8 100 100 200
25.9 100 100 200
26 100 100 200
26.1 100 100 200
26.2 100 100 200
26.3 100 100 200
26.4 100 100 200
26.5 100 100 200
26.6 100 100 200
26.7 100 100 200
26.8 100 100 200
26.9 100 100 200
27 100 100 200
27.1 100 100 200
27.2 100 100 200
27.3 100 100 200
27.4 100 100 200
27.5 100 100 200
27.6 100 100 200
27.7 100 100 200
27.8 100 100 200
27.9 100 100 200
28 100 100 200
28.1 100 100 200
28.2 100 100 200
28.3 100 100 200
28.4 100 100 200
28.5 100 100 200
28.6 100 100 200
28.7 100 100 200
28.8 100 100 200
28.9 100 100 200
29 100 100 200
29.1 100 100 200
29.2 100 100 200
29.3 100 100 200
29.4 100 100 200
29.5 100 100 200
29.6 100 100 200
29.7 100 100 200
29.8 100 100 200
29.9 100 100 200
30 100 100 200
30.1 100 100 200
30.2 100 100 200
30.3 100 100 200
30.4 100 100 200
30.5 100 100 200
30.6 100 100 200
30.7 100 100 200
30.8 100 100 200
30.9 100 100 200
31 100 100 200
31.1 100 100 200
31.2 100 100 200
31.3 100 100 200
31.4 100 100 200
31.5 100 100 200
31.6 100 100 200
31.7 100 100 200
31.8 100 100 200
31.9 100 100 200
32 100 100 200
32.1 100 100 200
32.2 100 100 200
32.3 100 100 200
32.4 100 100 200
32.5 100 100 200
32.6 100 100 200
32.7 100 100 200
32.8 100 100 200
32.9 100 100 200
33 100 100 200
33.1 100 100 200
33.2 100 100 200
33.3 100 100 200
33.4 100 100 200
33.5 100 100 200
33.6 100 100 200
33.7 100 100 200
33.8 100 100 200
33.9 100 100 200
34 100 100 200
34.1 100 100 200
34.2 100 100 200
34.3 100 100 200
34.4 100 100 200
34.5 100 100 200
34.6 100 100 200
34.7 100 100 200
34.8 100 100 200
34.9 100 100 200
35 100 100 200
35.1 100 100 200
35.2 100 100 200
35.3 100 100 200
35.4 100 100 200
35.5 100 100 200
35.6 100 100 200
35.7 100 100 200
35.8 100 100 200
35.9 100 100 200
36 100 100 200
36.1 100 100 200
36.2 100 100 200
36.3 100 100 200
36.4 100 100 200
36.5 100 100 200
36.6 100 100 200
36.7 100 100 200
36.8 100 100 200
36.9 100 100 200
37 100 100 200
37.1 100 100 200
37.2 100 100 200
37.3 100 100 200
37.4 100 100 200
37.5 100 100 200
37.6 100 100 200
37.7 100 100 200
37.8 100 100 200
37.9 100 100 200
38 100 100 200
38.1 100 100 200
38.2 100 100 200
38.3 100 100 200
38.4 100 100 200
38.5 100 100 200
38.6 100 100 200
38.7 100 100 200
38.8 100 100 200
38.9 100 100 200
39 100 100 200
39.1 100 100 200
39.2 100 100 200
39.3 100 100 200
39.4 100 100 200
39.5 100 100 200
39.6 100 100 200
39.7 100 100 200
39.8 100 100 200
39.9 100 100 200
40 100 100 200
40.1 100 100 200
40.2 100 100 200
40.3 100 100 200
40.4 100 100 200
40.5 100 100 200
40.6 100 100 200
40.7 100 100 200
40.8 100 100 200
40.9 100 100 200
41 100 100 200
41.1 100 100 200
41.2 100 100 200
41.3 100 100 200
41.4 100 100 200
41.5 100 100 200
41.6 100 100 200
41.7 100 100 200
41.8 100 100 200
41.9 100 100 200
42 100 100 200
42.1 100 100 200
42.2 100 100 200
42.3 100 100 200
42.4 100 100 200
42.5 100 100 200
42.6 100 100 200
42.7 100 100 200
42.8 100 100 200
42.9 100 100 200
43 100 100 200
43.1 100 100 200
43.2 100 100 200
43.3 100 100 200
43.4 100 100 200
43.5 100 100 200
43.6 100 100 200
43.7 100 100 200
43.8 100 100 200
43.9 100 100 200
44 100 100 200
44.1 100 100 200
44.2 100 100 200
44.3 100 100 200
44.4 100 100 200
44.5 100 100 200
44.6 100 100 200
44.7 100 100 200
44.8 100 100 200
44.9 100 100 200
45 100 100 200
45.1 100 100 200
45.2 100 100 200
45.3 100 100 200
45.4 100 100 200
45.5 100 100 200
45.6 100 100 200
45.7 100 100 200
45.8 100 100 200
45.9 100 100 200
46 100 100 200
46.1 100 100 200
46.2 100 100 200
46.3 100 100 200
46.4 100 100 200
46.5 100 100 200
46.6 100 100 200
46.7 100 100 200
46.8 100 100 200
46.9 100 100 200
47 100 100 200
47.1 100 100 200
47.2 100 100 200
47.3 100 100 200
47.4 100 100 200
47.5 100 100 200
47.6 100 100 200
47.7 100 100 200
47.8 100 100 200
47.9 100 100 200
48 100 100 200
48.1 100 100 200
48.2 100 100 200
48.3 100 100 200
48.4 100 100 200
48.5 100 100 200
48.6 100 100 200
48.7 100 100 200
48.8 100 100 200
48.9 100 100 200
49 100 100 200
49.1 100 100 200
49.2 100 100 200
49.3 100 100 200
49.4 100 100 200
49.5 100 100 200
49.6 100 100 200
49.7 100 100 200
49.8 100 100 200
49.9 100 100 200
50 100 100 200
50.1 100 100 200
50.2 100 100 200
50.3 100 100 200
50.4 100 100 200
50.5 100 100 200
50.6 100 100 200
50.7 100 100 200
50.8 100 100 200
50.9 100 100 200
51 100 100 200
51.1 100 100 200
51.2 100 100 200
51.3 100 100 200
51.4 100 100 200
51.5 100 100 200
51.6 100 100 200
51.7 100 100 200
51.8 100 100 200
51.9 100 100 200
52 100 100 200
52.1 100 100 200
52.2 100 100 200
52.3 100 100 200
52.4 100 100 200
52.5 100 100 200
52.6 100 100 200
52.7 100 100 200
52.8 100 100 200
52.9 100 100 200
53 100 100 200
53.1 100 100 200
53.2 100 100 200
53.3 100 100 200
53.4 100 100 200
53.5 100 100 200
53.6 100 100 200
53.7 100 100 200
53.8 100 100 200
53.9 100 100 200
54 100 100 200
54.1 100 100 200
54.2 100 100 200
54.3 100 100 200
54.4 100 100 200
54.5 100 100 200
54.6 100 100 200
54.7 100 100 200
54.8 100 100 200
54.9 100 100 200
55 100 100 200
55.1 100 100 200
55.2 100 100 200
55.3 100 100 200
55.4 100 100 200
55.5 100 100 200
55.6 100 100 200
55.7 100 100 200
55.8 100 100 200
55.9 100 100 200
56 100 100 200
56.1 100 100 200
56.2 100 100 200
56.3 100 100 200
56.4 100 100 200
56.5 100 100 200
56.6 100 100 200
56.7 100 100 200
56.8 100 100 200
56.9 100 100 200
57 100 100 200
57.1 100 100 200
57.2 100 100 200
57.3 100 100 200
57.4 100 100 200
57.5 100 100 200
57.6 100 100 200
57.7 100 100 200
57.8 100 100 200
57.9 100 100 200
58 100 100 200
58.1 100 100 200
58.2 100 100 200
58.3 100 100 200
58.4 100 100 200
58.5 100 100 200
58.6 100 100 200
58.7 100 100 200
58.8 100 100 200
58.9 100 100 200
59 100 100 200
59.1 100 100 200
59.2 100 100 200
59.3 100 100 200
59.4 100 100 200
59.5 100 100 200
59.6 100 100 200
59.7 100 100 200
59.8 100 100 200
59.9 100 100 200
60 100 100 200
60.1 100 100 200
60.2 100 100 200
60.3 100 100 200
60.4 100 100 200
60.5 100 100 200
60.6 100 100 200
60.7 100 100 200
60.8 100 100 200
60.9 100 100 200
61 100 100 200
61.1 100 100 200
61.2 100 100 200
61.3 100 100 200
61.4 100 100 200
61.5 100 100 200
61.6 100 100 200
61.7 100 100 200
61.8 100 100 200
61.9 100 100 200
62 100 100 200
62.1 100 100 200
62.2 100 100 200
62.3 100 100 200
62.4 100 100 200
62.5 100 100 200
62.6 100 100 200
62.7 100 100 200
62.8 100 100 200
62.9 100 100 200
63 100 100 200
63.1 100 100 200
63.2 100 100 200
63.3 100 100 200
63.4 100 100 200
63.5 100 100 200
63.6 100 100 200
63.7 100 100 200
63.8 100 100 200
63.9 100 100 200
64 100 100 200
64.1 100 100 200
64.2 100 100 200
64.3 100 100 200
64.4 100 100 200
64.5 100 100 200
64.6 100 100 200
64.7 100 100 200
64.8 100 100 200
64.9 100 100 200
65 100 100 200
65.1 100 100 200
65.2 100 100 200
65.3 100 100 200
65.4 100 100 200
65.5 100 100 200
65.6 100 100 200
65.7 100 100 200
65.8 100 100 200
65.9 100 100 200
66 100 100 200
66.1 100 100 200
66.2 100 100 200
66.3 100 100 200
66.4 100 100 200
66.5 100 100 200
66.6 100 100 200
66.7 100 100 200
66.8 100 100 200
66.9 100 100 200
67 100 100 200
67.1 100 100 200
67.2 100 100 200
67.3 100 100 200
67.4 100 100 200
67.5 100 100 200
67.6 100 100 200
67.7 100 100 200
67.8 100 100 200
67.9 100 100 200
68 100 100 200
68.1 100 100 200
68.2 100 100 200
68.3 100 100 200
68.4 100 100 200
68.5 100 100 200
68.6 100 100 200
68.7 100 100 200
68.8 100 100 200
68.9 100 100 200
69 100 100 200
69.1 100 100 200
69.2 100 100 200
69.3 100 100 200
69.4 100 100 200
69.5 100 100 200
69.6 100 100 200
69.7 100 100 200
69.8 100 100 200
69.9 100 100 200
70 100 100 200
70.1 100 100 200
70.2 100 100 200
70.3 100 100 200
70.4 100 100 200
70.5 100 100 200
70.6 100 100 200
70.7 100 100 200
70.8 100 100 200
70.9 100 100 200
71 100 100 200
71.1 100 100 200
71.2 100 100 200
71.3 100 100 200
71.4 100 100 200
71.5 100 100 200
71.6 100 100 200
71.7 100 100 200
71.8 100 100 200
71.9 100 100 200
72 100 100 200
72.1 100 100 200
72.2 100 100 200
72.3 100 100 200
72.4 100 100 200
72.5 100 100 200
72.6 100 100 200
72.7 100 100 200
72.8 100 100 200
72.9 100 100 200
73 100 100 200
73.1 100 100 200
73.2 100 100 200
73.3 100 100 200
73.4 100 100 200
73.5 100 100 200
73.6 100 100 200
73.7 100 100 200
73.8 100 100 200
73.9 100 100 200
74 100 100 200
74.1 100 100 200
74.2 100 100 200
74.3 100 100 200
74.4 100 100 200
74.5 100 100 200
74.6 100 100 200
74.7 100 100 200
74.8 100 100 200
74.9 100 100 200
75 100 100 200
75.1 100 100 200
75.2 100 100 200
75.3 100 100 200
75.4 100 100 200
75.5 100 100 200
75.6 100 100 200
75.7 100 100 200
75.8 100 100 200
75.9 100 100 200
76 100 100 200
76.1 100 100 200
76.2 100 100 200
76.3 100 100 200
76.4 100 100 200
76.5 100 100 200
76.6 100 100 200
76.7 100 100 200
76.8 100 100 200
76.9 100 100 200
77 100 100 200
77.1 100 100 200
77.2 100 100 200
77.3 100 100 200
77.4 100 100 200
77.5 100 100 200
77.6 100 100 200
77.7 100 100 200
77.8 100 100 200
77.9 100 100 200
78 100 100 200
78.1 100 100 200
78.2 100 100 200
78.3 100 100 200
78.4 100 100 200
78.5 100 100 200
78.6 100 100 200
78.7 100 100 200
78.8 100 100 200
78.9 100 100 200
79 100 100 200
79.1 100 100 200
79.2 100 100 200
79.3 100 100 200
79.4 100 100 200
79.5 100 100 200
79.6 100 100 200
79.7 100 100 200
79.8 100 100 200
79.9 100 100 200
80 100 100 200
80.1 100 100 200
80.2 100 100 200
80.3 100 100 200
80.4 100 100 200
80.5 100 100 200
80.6 100 100 200
80.7 100 100 200
80.8 100 100 200
80.9 100 100 200
81 100 100 200
81.1 100 100 200
81.2 100 100 200
81.3 100 100 200
81.4 100 100 200
81.5 100 100 200
81.6 100 100 200
81.7 100 100 200
81.8 100 100 200
81.9 100 100 200
82 100 100 200
82.1 100 100 200
82.2 100 100 200
82.3 100 100 200
82.4 100 100 200
82.5 100 100 200
82.6 100 100 200
82.7 100 100 200
82.8 100 100 200
82.9 100 100 200
83 100 100 200
83.1 100 100 200
83.2 100 100 200
83.3 100 100 200
83.4 100 100 200
83.5 100 100 200
83.6 100 100 200
83.7 100 100 200
83.8 100 100 200
83.9 100 100 200
84 100 100 200
84.1 100 100 200
84.2 100 100 200
84.3 100 100 200
84.4 100 100 200
84.5 100 100 200
84.6 100 100 200
84.7 100 100 200
84.8 100 100 200
84.9 100 100 200
85 100 100 200
85.1 100 100 200
85.2 100 100 200
85.3 100 100 200
85.4 100 100 200
85.5 100 100 200
85.6 100 100 200
85.7 100 100 200
85.8 100 100 200
85.9 100 100 200
86 100 100 200
86.1 100 100 200
86.2 100 100 200
86.3 100 100 200
86.4 100 100 200
86.5 100 100 200
86.6 100 100 200
86.7 100 100 200
86.8 100 100 200
86.9 100 100 200
87 100 100 200
87.1 100 100 200
87.2 100 100 200
87.3 100 100 200
87.4 100 100 200
87.5 100 100 200
87.6 100 100 200
87.7 100 100 200
87.8 100 100 200
87.9 100 100 200
88 100 100 200
88.1 100 100 200
88.2 100 100 200
88.3 100 100 200
88.4 100 100 200
88.5 100 100 200
88.6 100 100 200
88.7 100 100 200
88.8 100 100 200
88.9 100 100 200
89 100 100 200
89.1 100 100 200
89.2 100 100 200
89.3 100 100 200
89.4 100 100 200
89.5 100 100 200
89.6 100 100 200
89.7 100 100 200
89.8 100 100 200
89.9 100 100 200
90 100 100 200
90.1 100 100 200
90.2 100 100 200
90.3 100 100 200
90.4 100 100 200
90.5 100 100 200
90.6 100 100 200
90.7 100 100 200
90.8 100 100 200
90.9 100 100 200
91 100 100 200
91.1 100 100 200
91.2 100 100 200
91.3 100 100 200
91.4 100 100 200
91.5 100 100 200
91.6 100 100 200
91.7 100 100 200
91.8 100 100 200
91.9 100 100 200
92 100 100 200
92.1 100 100 200
92.2 100 100 200
92.3 100 100 200
92.4 100 100 200
92.5 100 100 200
92.6 100 100 200
92.7 100 100 200
92.8 100 100 200
92.9 100 100 200
93 100 100 200
93.1 100 100 200
93.2 100 100 200
93.3 100 100 200
93.4 100 100 200
93.5 100 100 200
93.6 100 100 200
93.7 100 100 200
93.8 100 100 200
93.9 100 100 200
94 100 100 200
94.1 100 100 200
94.2 100 100 200
94.3 100 100 200
94.4 100 100 200
94.5 100 100 200
94.6 100 100 200
94.7 100 100 200
94.8 100 100 200
94.9 100 100 200
95 100 100 200
95.1 100 100 200
95.2 100 100 200
95.3 100 100 200
95.4 100 100 200
95.5 100 100 200
95.6 100 100 200
95.7 100 100 200
95.8 100 100 200
95.9 100 100 200
96 100 100 200
96.1 100 100 200
96.2 100 100 200
96.3 100 100 200
96.4 100 100 200
96.5 100 100 200
96.6 100 100 200
96.7 100 100 200
96.8 100 100 200
96.9 100 100 200
97 100 100 200
97.1 100 100 200
97.2 100 100 200
97.3 100 100 200
97.4 100 100 200
97.5 100 100 200
97.6 100 100 200
97.7 100 100 200
97.8 100 100 200
97.9 100 100 200
98 100 100 200
98.1 100 100 200
98.2 100 100 200
98.3 100 100 200
98.4 100 100 200
98.5 100 100 200
98.6 100 100 200
98.7 100 100 200
98.8 100 100 200
98.9 100 100 200
99 100 100 200
99.1 100 100 200
99.2 100 100 200
99.3 100 100 200
99.4 100 100 200
99.5 100 100 200
99.6 100 100 200
99.7 100 100 200
99.8 100 100 200
99.9 100 100 200
100 100 100 200
-----------------------------------------
B
t S I R
0 300 100 0
0.1 270 109.063 20
0.2 241.553 115.983 40.8127
0.3 215.578 120.351 61.9686
0.4 192.731 122.05 82.9403
0.5 173.355 121.246 103.203
0.6 157.497 118.318 122.292
0.7 144.977 113.76 139.841
0.8 135.476 108.087 155.601
0.9 128.613 101.766 169.438
1 123.997 95.1816 181.32
1.1 121.26 88.6251 191.29
1.2 120.078 82.3004 199.451
1.3 120.168 76.3389 205.938
1.4 121.292 70.8155 210.909
1.5 123.248 65.7638 214.527
1.6 125.869 61.1891 216.953
1.7 129.015 57.0779 218.343
1.8 132.568 53.4057 218.842
1.9 136.43 50.1418 218.581
2 140.518 47.2529 217.68
2.1 144.762 44.7054 216.247
2.2 149.103 42.4673 214.375
2.3 153.49 40.5083 212.15
2.4 157.88 38.8008 209.644
2.5 162.236 37.3195 206.922
2.6 166.528 36.0422 204.04
2.7 170.728 34.9488 201.046
2.8 174.813 34.0216 197.984
2.9 178.765 33.245 194.889
3 182.566 32.6051 191.794
3.1 186.203 32.0899 188.725
3.2 189.664 31.6887 185.707
3.3 192.94 31.3918 182.759
3.4 196.021 31.191 179.899
3.5 198.902 31.0785 177.143
3.6 201.577 31.0475 174.501
3.7 204.044 31.0919 171.986
3.8 206.299 31.2059 169.605
3.9 208.342 31.384 167.366
4 210.171 31.6213 165.274
4.1 211.789 31.9128 163.335
4.2 213.197 32.2538 161.551
4.3 214.398 32.6396 159.924
4.4 215.396 33.0655 158.456
4.5 216.197 33.5269 157.146
4.6 216.806 34.0191 155.994
4.7 217.23 34.5372 154.998
4.8 217.477 35.0766 154.156
4.9 217.557 35.6322 153.463
5 217.478 36.1992 152.916
5.1 217.251 36.7726 152.51
5.2 216.888 37.3476 152.239
5.3 216.4 37.9192 152.097
5.4 215.799 38.4828 152.076
5.5 215.098 39.0339 152.169
5.6 214.31 39.568 152.367
5.7 213.449 40.0812 152.662
5.8 212.527 40.5698 153.045
5.9 211.557 41.0304 153.507
6 210.552 41.4601 154.038
6.1 209.524 41.8566 154.628
6.2 208.486 42.2179 155.268
6.3 207.447 42.5426 155.948
6.4 206.419 42.8298 156.659
6.5 205.411 43.079 157.392
6.6 204.432 43.2903 158.138
6.7 203.489 43.4642 158.89
6.8 202.589 43.6016 159.638
6.9 201.738 43.7039 160.376
7 200.94 43.7728 161.098
7.1 200.199 43.81 161.798
7.2 199.518 43.8179 162.47
7.3 198.899 43.7988 163.11
7.4 198.343 43.7551 163.714
7.5 197.85 43.6894 164.28
7.6 197.42 43.6043 164.804
7.7 197.052 43.5024 165.284
7.8 196.744 43.3861 165.721
7.9 196.494 43.2581 166.112
8 196.3 43.1207 166.458
8.1 196.158 42.9761 166.759
8.2 196.066 42.8264 167.016
8.3 196.02 42.6737 167.231
8.4 196.017 42.5198 167.404
8.5 196.052 42.3663 167.538
8.6 196.123 42.2147 167.634
8.7 196.226 42.0664 167.695
8.8 196.356 41.9225 167.724
8.9 196.51 41.784 167.722
9 196.685 41.6518 167.693
9.1 196.878 41.5267 167.639
9.2 197.084 41.4092 167.562
9.3 197.301 41.2998 167.466
9.4 197.526 41.1987 167.352
9.5 197.756 41.1064 167.224
9.6 197.988 41.0227 167.085
9.7 198.22 40.9479 166.935
9.8 198.45 40.8819 166.778
9.9 198.676 40.8244 166.615
10 198.896 40.7755 166.449
10.1 199.108 40.7346 166.282
10.2 199.312 40.7017 166.115
10.3 199.505 40.6763 165.949
10.4 199.688 40.6581 165.787
10.5 199.858 40.6466 165.629
10.6 200.016 40.6413 165.477
10.7 200.161 40.6419 165.332
10.8 200.293 40.6479 165.193
10.9 200.411 40.6586 165.063
11 200.515 40.6738 164.942
11.1 200.607 40.6928 164.83
11.2 200.685 40.7152 164.727
11.3 200.75 40.7404 164.633
11.4 200.803 40.7681 164.55
11.5 200.845 40.7978 164.476
11.6 200.874 40.8291 164.412
11.7 200.893 40.8614 164.357
11.8 200.902 40.8945 164.311
11.9 200.902 40.928 164.275
12 200.893 40.9614 164.247
12.1 200.877 40.9946 164.227
12.2 200.853 41.0272 164.214
12.3 200.824 41.0589 164.209
12.4 200.788 41.0896 164.21
12.5 200.749 41.1189 164.218
12.6 200.705 41.1468 164.23
12.7 200.658 41.1731 164.248
12.8 200.609 41.1977 164.271
12.9 200.558 41.2204 164.297
13 200.505 41.2412 164.326
13.1 200.453 41.2601 164.358
13.2 200.4 41.2771 164.392
13.3 200.348 41.292 164.428
13.4 200.296 41.305 164.465
13.5 200.246 41.3161 164.502
13.6 200.198 41.3253 164.541
13.7 200.152 41.3327 164.579
13.8 200.108 41.3384 164.616
13.9 200.066 41.3425 164.653
14 200.028 41.345 164.689
14.1 199.992 41.346 164.724
14.2 199.959 41.3457 164.757
14.3 199.93 41.3442 164.788
14.4 199.903 41.3416 164.817
14.5 199.88 41.3379 164.845
14.6 199.859 41.3334 164.87
14.7 199.842 41.3282 164.893
14.8 199.828 41.3223 164.914
14.9 199.816 41.3158 164.933
15 199.807 41.3089 164.95
15.1 199.801 41.3017 164.964
15.2 199.797 41.2942 164.976
15.3 199.795 41.2866 164.986
15.4 199.796 41.279 164.994
15.5 199.798 41.2713 165
15.6 199.802 41.2638 165.004
15.7 199.808 41.2564 165.007
15.8 199.815 41.2492 165.008
15.9 199.823 41.2422 165.007
16 199.832 41.2356 165.005
16.1 199.842 41.2294 165.002
16.2 199.853 41.2235 164.998
16.3 199.864 41.218 164.993
16.4 199.876 41.2129 164.987
16.5 199.888 41.2082 164.98
16.6 199.9 41.2041 164.973
16.7 199.912 41.2003 164.965
16.8 199.923 41.197 164.957
16.9 199.935 41.1942 164.948
17 199.946 41.1917 164.94
17.1 199.957 41.1897 164.931
17.2 199.968 41.1881 164.922
17.3 199.977 41.1869 164.914
17.4 199.987 41.1861 164.906
17.5 199.995 41.1856 164.898
17.6 200.003 41.1854 164.89
17.7 200.01 41.1855 164.882
17.8 200.017 41.1859 164.875
17.9 200.023 41.1865 164.869
18 200.028 41.1874 164.863
18.1 200.033 41.1884 164.857
18.2 200.036 41.1897 164.852
18.3 200.04 41.191 164.847
18.4 200.042 41.1925 164.843
18.5 200.044 41.1941 164.839
18.6 200.045 41.1957 164.836
18.7 200.046 41.1974 164.834
18.8 200.046 41.1991 164.831
18.9 200.046 41.2009 164.83
19 200.046 41.2026 164.828
19.1 200.045 41.2043 164.827
19.2 200.043 41.206 164.827
19.3 200.042 41.2076 164.827
19.4 200.04 41.2091 164.827
19.5 200.038 41.2106 164.827
19.6 200.035 41.212 164.828
19.7 200.033 41.2134 164.829
19.8 200.03 41.2146 164.83
19.9 200.028 41.2157 164.832
20 200.025 41.2168 164.833
20.1 200.022 41.2177 164.835
20.2 200.02 41.2185 164.837
20.3 200.017 41.2193 164.839
20.4 200.014 41.2199 164.841
20.5 200.012 41.2204 164.843
20.6 200.009 41.2209 164.844
20.7 200.007 41.2212 164.846
20.8 200.005 41.2215 164.848
20.9 200.003 41.2216 164.85
21 200.001 41.2217 164.852
21.1 199.999 41.2218 164.854
21.2 199.997 41.2217 164.855
21.3 199.996 41.2216 164.857
21.4 199.995 41.2215 164.858
21.5 199.993 41.2213 164.86
21.6 199.992 41.221 164.861
21.7 199.992 41.2208 164.862
21.8 199.991 41.2204 164.863
21.9 199.99 41.2201 164.864
22 199.99 41.2197 164.865
22.1 199.99 41.2194 164.866
22.2 199.99 41.219 164.866
22.3 199.989 41.2186 164.867
22.4 199.99 41.2182 164.867
22.5 199.99 41.2178 164.867
22.6 199.99 41.2174 164.868
22.7 199.99 41.217 164.868
22.8 199.991 41.2167 164.868
22.9 199.991 41.2163 164.868
23 199.992 41.216 164.868
23.1 199.992 41.2157 164.867
23.2 199.993 41.2154 164.867
23.3 199.993 41.2151 164.867
23.4 199.994 41.2149 164.867
23.5 199.994 41.2146 164.866
23.6 199.995 41.2144 164.866
23.7 199.996 41.2142 164.865
23.8 199.996 41.2141 164.865
23.9 199.997 41.2139 164.865
24 199.997 41.2138 164.864
24.1 199.998 41.2137 164.864
24.2 199.999 41.2136 164.863
24.3 199.999 41.2136 164.863
24.4 199.999 41.2135 164.862
24.5 200 41.2135 164.862
24.6 200 41.2135 164.862
24.7 200.001 41.2135 164.861
24.8 200.001 41.2136 164.861
24.9 200.001 41.2136 164.861
25 200.002 41.2136 164.86
25.1 200.002 41.2137 164.86
25.2 200.002 41.2138 164.86
25.3 200.002 41.2138 164.859
25.4 200.002 41.2139 164.859
25.5 200.002 41.214 164.859
25.6 200.002 41.2141 164.859
25.7 200.002 41.2142 164.859
25.8 200.002 41.2143 164.859
25.9 200.002 41.2143 164.859
26 200.002 41.2144 164.859
26.1 200.002 41.2145 164.858
26.2 200.002 41.2146 164.858
26.3 200.002 41.2147 164.858
26.4 200.002 41.2148 164.858
26.5 200.002 41.2148 164.859
26.6 200.002 41.2149 164.859
26.7 200.002 41.215 164.859
26.8 200.002 41.215 164.859
26.9 200.001 41.2151 164.859
27 200.001 41.2152 164.859
27.1 200.001 41.2152 164.859
27.2 200.001 41.2152 164.859
27.3 200.001 41.2153 164.859
27.4 200.001 41.2153 164.859
27.5 200.001 41.2153 164.859
27.6 200 41.2154 164.859
27.7 200 41.2154 164.86
27.8 200 41.2154 164.86
27.9 200 41.2154 164.86
28 200 41.2154 164.86
28.1 200 41.2154 164.86
28.2 200 41.2154 164.86
28.3 200 41.2154 164.86
28.4 200 41.2154 164.86
28.5 200 41.2154 164.86
28.6 200 41.2154 164.86
28.7 200 41.2153 164.86
28.8 200 41.2153 164.86
28.9 199.999 41.2153 164.86
29 199.999 41.2153 164.86
29.1 199.999 41.2153 164.86
29.2 199.999 41.2152 164.861
29.3 199.999 41.2152 164.861
29.4 199.999 41.2152 164.861
29.5 199.999 41.2152 164.861
29.6 199.999 41.2152 164.861
29.7 200 41.2151 164.861
29.8 200 41.2151 164.861
29.9 200 41.2151 164.861
30 200 41.2151 164.861
30.1 200 41.2151 164.861
30.2 200 41.2151 164.861
30.3 200 41.215 164.861
30.4 200 41.215 164.861
30.5 200 41.215 164.86
30.6 200 41.215 164.86
30.7 200 41.215 164.86
30.8 200 41.215 164.86
30.9 200 41.215 164.86
31 200 41.215 164.86
31.1 200 41.215 164.86
31.2 200 41.215 164.86
31.3 200 41.215 164.86
31.4 200 41.215 164.86
31.5 200 41.215 164.86
31.6 200 41.215 164.86
31.7 200 41.215 164.86
31.8 200 41.215 164.86
31.9 200 41.215 164.86
32 200 41.215 164.86
32.1 200 41.215 164.86
32.2 200 41.215 164.86
32.3 200 41.215 164.86
32.4 200 41.215 164.86
32.5 200 41.215 164.86
32.6 200 41.215 164.86
32.7 200 41.215 164.86
32.8 200 41.215 164.86
32.9 200 41.215 164.86
33 200 41.215 164.86
33.1 200 41.215 164.86
33.2 200 41.215 164.86
33.3 200 41.215 164.86
33.4 200 41.215 164.86
33.5 200 41.215 164.86
33.6 200 41.215 164.86
33.7 200 41.215 164.86
33.8 200 41.215 164.86
33.9 200 41.2151 164.86
34 200 41.2151 164.86
34.1 200 41.2151 164.86
34.2 200 41.2151 164.86
34.3 200 41.2151 164.86
34.4 200 41.2151 164.86
34.5 200 41.2151 164.86
34.6 200 41.2151 164.86
34.7 200 41.2151 164.86
34.8 200 41.2151 164.86
34.9 200 41.2151 164.86
35 200 41.2151 164.86
35.1 200 41.2151 164.86
35.2 200 41.2151 164.86
35.3 200 41.2151 164.86
35.4 200 41.2151 164.86
35.5 200 41.2151 164.86
35.6 200 41.2151 164.86
35.7 200 41.2151 164.86
35.8 200 41.2151 164.86
35.9 200 41.2151 164.86
36 200 41.2151 164.86
36.1 200 41.2151 164.86
36.2 200 41.2151 164.86
36.3 200 41.2151 164.86
36.4 200 41.2151 164.86
36.5 200 41.2151 164.86
36.6 200 41.2151 164.86
36.7 200 41.2151 164.86
36.8 200 41.2151 164.86
36.9 200 41.2151 164.86
37 200 41.215 164.86
37.1 200 41.215 164.86
37.2 200 41.215 164.86
37.3 200 41.215 164.86
37.4 200 41.215 164.86
37.5 200 41.215 164.86
37.6 200 41.215 164.86
37.7 200 41.215 164.86
37.8 200 41.215 164.86
37.9 200 41.215 164.86
38 200 41.215 164.86
38.1 200 41.215 164.86
38.2 200 41.215 164.86
38.3 200 41.215 164.86
38.4 200 41.215 164.86
38.5 200 41.215 164.86
38.6 200 41.215 164.86
38.7 200 41.215 164.86
38.8 200 41.215 164.86
38.9 200 41.215 164.86
39 200 41.215 164.86
39.1 200 41.215 164.86
39.2 200 41.215 164.86
39.3 200 41.215 164.86
39.4 200 41.215 164.86
39.5 200 41.215 164.86
39.6 200 41.215 164.86
39.7 200 41.215 164.86
39.8 200 41.215 164.86
39.9 200 41.215 164.86
40 200 41.215 164.86
40.1 200 41.215 164.86
40.2 200 41.215 164.86
40.3 200 41.215 164.86
40.4 200 41.215 164.86
40.5 200 41.215 164.86
40.6 200 41.215 164.86
40.7 200 41.215 164.86
40.8 200 41.215 164.86
40.9 200 41.215 164.86
41 200 41.215 164.86
41.1 200 41.215 164.86
41.2 200 41.215 164.86
41.3 200 41.215 164.86
41.4 200 41.215 164.86
41.5 200 41.215 164.86
41.6 200 41.215 164.86
41.7 200 41.215 164.86
41.8 200 41.215 164.86
41.9 200 41.215 164.86
42 200 41.215 164.86
42.1 200 41.215 164.86
42.2 200 41.215 164.86
42.3 200 41.215 164.86
42.4 200 41.215 164.86
42.5 200 41.215 164.86
42.6 200 41.215 164.86
42.7 200 41.215 164.86
42.8 200 41.215 164.86
42.9 200 41.215 164.86
43 200 41.215 164.86
43.1 200 41.215 164.86
43.2 200 41.215 164.86
43.3 200 41.215 164.86
43.4 200 41.215 164.86
43.5 200 41.215 164.86
43.6 200 41.215 164.86
43.7 200 41.215 164.86
43.8 200 41.215 164.86
43.9 200 41.215 164.86
44 200 41.215 164.86
44.1 200 41.215 164.86
44.2 200 41.215 164.86
44.3 200 41.215 164.86
44.4 200 41.215 164.86
44.5 200 41.215 164.86
44.6 200 41.215 164.86
44.7 200 41.215 164.86
44.8 200 41.215 164.86
44.9 200 41.215 164.86
45 200 41.215 164.86
45.1 200 41.215 164.86
45.2 200 41.215 164.86
45.3 200 41.215 164.86
45.4 200 41.215 164.86
45.5 200 41.215 164.86
45.6 200 41.215 164.86
45.7 200 41.215 164.86
45.8 200 41.215 164.86
45.9 200 41.215 164.86
46 200 41.215 164.86
46.1 200 41.215 164.86
46.2 200 41.215 164.86
46.3 200 41.215 164.86
46.4 200 41.215 164.86
46.5 200 41.215 164.86
46.6 200 41.215 164.86
46.7 200 41.215 164.86
46.8 200 41.215 164.86
46.9 200 41.215 164.86
47 200 41.215 164.86
47.1 200 41.215 164.86
47.2 200 41.215 164.86
47.3 200 41.215 164.86
47.4 200 41.215 164.86
47.5 200 41.215 164.86
47.6 200 41.215 164.86
47.7 200 41.215 164.86
47.8 200 41.215 164.86
47.9 200 41.215 164.86
48 200 41.215 164.86
48.1 200 41.215 164.86
48.2 200 41.215 164.86
48.3 200 41.215 164.86
48.4 200 41.215 164.86
48.5 200 41.215 164.86
48.6 200 41.215 164.86
48.7 200 41.215 164.86
48.8 200 41.215 164.86
48.9 200 41.215 164.86
49 200 41.215 164.86
49.1 200 41.215 164.86
49.2 200 41.215 164.86
49.3 200 41.215 164.86
49.4 200 41.215 164.86
49.5 200 41.215 164.86
49.6 200 41.215 164.86
49.7 200 41.215 164.86
49.8 200 41.215 164.86
49.9 200 41.215 164.86
50 200 41.215 164.86
50.1 200 41.215 164.86
50.2 200 41.215 164.86
50.3 200 41.215 164.86
50.4 200 41.215 164.86
50.5 200 41.215 164.86
50.6 200 41.215 164.86
50.7 200 41.215 164.86
50.8 200 41.215 164.86
50.9 200 41.215 164.86
51 200 41.215 164.86
51.1 200 41.215 164.86
51.2 200 41.215 164.86
51.3 200 41.215 164.86
51.4 200 41.215 164.86
51.5 200 41.215 164.86
51.6 200 41.215 164.86
51.7 200 41.215 164.86
51.8 200 41.215 164.86
51.9 200 41.215 164.86
52 200 41.215 164.86
52.1 200 41.215 164.86
52.2 200 41.215 164.86
52.3 200 41.215 164.86
52.4 200 41.215 164.86
52.5 200 41.215 164.86
52.6 200 41.215 164.86
52.7 200 41.215 164.86
52.8 200 41.215 164.86
52.9 200 41.215 164.86
53 200 41.215 164.86
53.1 200 41.215 164.86
53.2 200 41.215 164.86
53.3 200 41.215 164.86
53.4 200 41.215 164.86
53.5 200 41.215 164.86
53.6 200 41.215 164.86
53.7 200 41.215 164.86
53.8 200 41.215 164.86
53.9 200 41.215 164.86
54 200 41.215 164.86
54.1 200 41.215 164.86
54.2 200 41.215 164.86
54.3 200 41.215 164.86
54.4 200 41.215 164.86
54.5 200 41.215 164.86
54.6 200 41.215 164.86
54.7 200 41.215 164.86
54.8 200 41.215 164.86
54.9 200 41.215 164.86
55 200 41.215 164.86
55.1 200 41.215 164.86
55.2 200 41.215 164.86
55.3 200 41.215 164.86
55.4 200 41.215 164.86
55.5 200 41.215 164.86
55.6 200 41.215 164.86
55.7 200 41.215 164.86
55.8 200 41.215 164.86
55.9 200 41.215 164.86
56 200 41.215 164.86
56.1 200 41.215 164.86
56.2 200 41.215 164.86
56.3 200 41.215 164.86
56.4 200 41.215 164.86
56.5 200 41.215 164.86
56.6 200 41.215 164.86
56.7 200 41.215 164.86
56.8 200 41.215 164.86
56.9 200 41.215 164.86
57 200 41.215 164.86
57.1 200 41.215 164.86
57.2 200 41.215 164.86
57.3 200 41.215 164.86
57.4 200 41.215 164.86
57.5 200 41.215 164.86
57.6 200 41.215 164.86
57.7 200 41.215 164.86
57.8 200 41.215 164.86
57.9 200 41.215 164.86
58 200 41.215 164.86
58.1 200 41.215 164.86
58.2 200 41.215 164.86
58.3 200 41.215 164.86
58.4 200 41.215 164.86
58.5 200 41.215 164.86
58.6 200 41.215 164.86
58.7 200 41.215 164.86
58.8 200 41.215 164.86
58.9 200 41.215 164.86
59 200 41.215 164.86
59.1 200 41.215 164.86
59.2 200 41.215 164.86
59.3 200 41.215 164.86
59.4 200 41.215 164.86
59.5 200 41.215 164.86
59.6 200 41.215 164.86
59.7 200 41.215 164.86
59.8 200 41.215 164.86
59.9 200 41.215 164.86
60 200 41.215 164.86
60.1 200 41.215 164.86
60.2 200 41.215 164.86
60.3 200 41.215 164.86
60.4 200 41.215 164.86
60.5 200 41.215 164.86
60.6 200 41.215 164.86
60.7 200 41.215 164.86
60.8 200 41.215 164.86
60.9 200 41.215 164.86
61 200 41.215 164.86
61.1 200 41.215 164.86
61.2 200 41.215 164.86
61.3 200 41.215 164.86
61.4 200 41.215 164.86
61.5 200 41.215 164.86
61.6 200 41.215 164.86
61.7 200 41.215 164.86
61.8 200 41.215 164.86
61.9 200 41.215 164.86
62 200 41.215 164.86
62.1 200 41.215 164.86
62.2 200 41.215 164.86
62.3 200 41.215 164.86
62.4 200 41.215 164.86
62.5 200 41.215 164.86
62.6 200 41.215 164.86
62.7 200 41.215 164.86
62.8 200 41.215 164.86
62.9 200 41.215 164.86
63 200 41.215 164.86
63.1 200 41.215 164.86
63.2 200 41.215 164.86
63.3 200 41.215 164.86
63.4 200 41.215 164.86
63.5 200 41.215 164.86
63.6 200 41.215 164.86
63.7 200 41.215 164.86
63.8 200 41.215 164.86
63.9 200 41.215 164.86
64 200 41.215 164.86
64.1 200 41.215 164.86
64.2 200 41.215 164.86
64.3 200 41.215 164.86
64.4 200 41.215 164.86
64.5 200 41.215 164.86
64.6 200 41.215 164.86
64.7 200 41.215 164.86
64.8 200 41.215 164.86
64.9 200 41.215 164.86
65 200 41.215 164.86
65.1 200 41.215 164.86
65.2 200 41.215 164.86
65.3 200 41.215 164.86
65.4 200 41.215 164.86
65.5 200 41.215 164.86
65.6 200 41.215 164.86
65.7 200 41.215 164.86
65.8 200 41.215 164.86
65.9 200 41.215 164.86
66 200 41.215 164.86
66.1 200 41.215 164.86
66.2 200 41.215 164.86
66.3 200 41.215 164.86
66.4 200 41.215 164.86
66.5 200 41.215 164.86
66.6 200 41.215 164.86
66.7 200 41.215 164.86
66.8 200 41.215 164.86
66.9 200 41.215 164.86
67 200 41.215 164.86
67.1 200 41.215 164.86
67.2 200 41.215 164.86
67.3 200 41.215 164.86
67.4 200 41.215 164.86
67.5 200 41.215 164.86
67.6 200 41.215 164.86
67.7 200 41.215 164.86
67.8 200 41.215 164.86
67.9 200 41.215 164.86
68 200 41.215 164.86
68.1 200 41.215 164.86
68.2 200 41.215 164.86
68.3 200 41.215 164.86
68.4 200 41.215 164.86
68.5 200 41.215 164.86
68.6 200 41.215 164.86
68.7 200 41.215 164.86
68.8 200 41.215 164.86
68.9 200 41.215 164.86
69 200 41.215 164.86
69.1 200 41.215 164.86
69.2 200 41.215 164.86
69.3 200 41.215 164.86
69.4 200 41.215 164.86
69.5 200 41.215 164.86
69.6 200 41.215 164.86
69.7 200 41.215 164.86
69.8 200 41.215 164.86
69.9 200 41.215 164.86
70 200 41.215 164.86
70.1 200 41.215 164.86
70.2 200 41.215 164.86
70.3 200 41.215 164.86
70.4 200 41.215 164.86
70.5 200 41.215 164.86
70.6 200 41.215 164.86
70.7 200 41.215 164.86
70.8 200 41.215 164.86
70.9 200 41.215 164.86
71 200 41.215 164.86
71.1 200 41.215 164.86
71.2 200 41.215 164.86
71.3 200 41.215 164.86
71.4 200 41.215 164.86
71.5 200 41.215 164.86
71.6 200 41.215 164.86
71.7 200 41.215 164.86
71.8 200 41.215 164.86
71.9 200 41.215 164.86
72 200 41.215 164.86
72.1 200 41.215 164.86
72.2 200 41.215 164.86
72.3 200 41.215 164.86
72.4 200 41.215 164.86
72.5 200 41.215 164.86
72.6 200 41.215 164.86
72.7 200 41.215 164.86
72.8 200 41.215 164.86
72.9 200 41.215 164.86
73 200 41.215 164.86
73.1 200 41.215 164.86
73.2 200 41.215 164.86
73.3 200 41.215 164.86
73.4 200 41.215 164.86
73.5 200 41.215 164.86
73.6 200 41.215 164.86
73.7 200 41.215 164.86
73.8 200 41.215 164.86
73.9 200 41.215 164.86
74 200 41.215 164.86
74.1 200 41.215 164.86
74.2 200 41.215 164.86
74.3 200 41.215 164.86
74.4 200 41.215 164.86
74.5 200 41.215 164.86
74.6 200 41.215 164.86
74.7 200 41.215 164.86
74.8 200 41.215 164.86
74.9 200 41.215 164.86
75 200 41.215 164.86
75.1 200 41.215 164.86
75.2 200 41.215 164.86
75.3 200 41.215 164.86
75.4 200 41.215 164.86
75.5 200 41.215 164.86
75.6 200 41.215 164.86
75.7 200 41.215 164.86
75.8 200 41.215 164.86
75.9 200 41.215 164.86
76 200 41.215 164.86
76.1 200 41.215 164.86
76.2 200 41.215 164.86
76.3 200 41.215 164.86
76.4 200 41.215 164.86
76.5 200 41.215 164.86
76.6 200 41.215 164.86
76.7 200 41.215 164.86
76.8 200 41.215 164.86
76.9 200 41.215 164.86
77 200 41.215 164.86
77.1 200 41.215 164.86
77.2 200 41.215 164.86
77.3 200 41.215 164.86
77.4 200 41.215 164.86
77.5 200 41.215 164.86
77.6 200 41.215 164.86
77.7 200 41.215 164.86
77.8 200 41.215 164.86
77.9 200 41.215 164.86
78 200 41.215 164.86
78.1 200 41.215 164.86
78.2 200 41.215 164.86
78.3 200 41.215 164.86
78.4 200 41.215 164.86
78.5 200 41.215 164.86
78.6 200 41.215 164.86
78.7 200 41.215 164.86
78.8 200 41.215 164.86
78.9 200 41.215 164.86
79 200 41.215 164.86
79.1 200 41.215 164.86
79.2 200 41.215 164.86
79.3 200 41.215 164.86
79.4 200 41.215 164.86
79.5 200 41.215 164.86
79.6 200 41.215 164.86
79.7 200 41.215 164.86
79.8 200 41.215 164.86
79.9 200 41.215 164.86
80 200 41.215 164.86
80.1 200 41.215 164.86
80.2 200 41.215 164.86
80.3 200 41.215 164.86
80.4 200 41.215 164.86
80.5 200 41.215 164.86
80.6 200 41.215 164.86
80.7 200 41.215 164.86
80.8 200 41.215 164.86
80.9 200 41.215 164.86
81 200 41.215 164.86
81.1 200 41.215 164.86
81.2 200 41.215 164.86
81.3 200 41.215 164.86
81.4 200 41.215 164.86
81.5 200 41.215 164.86
81.6 200 41.215 164.86
81.7 200 41.215 164.86
81.8 200 41.215 164.86
81.9 200 41.215 164.86
82 200 41.215 164.86
82.1 200 41.215 164.86
82.2 200 41.215 164.86
82.3 200 41.215 164.86
82.4 200 41.215 164.86
82.5 200 41.215 164.86
82.6 200 41.215 164.86
82.7 200 41.215 164.86
82.8 200 41.215 164.86
82.9 200 41.215 164.86
83 200 41.215 164.86
83.1 200 41.215 164.86
83.2 200 41.215 164.86
83.3 200 41.215 164.86
83.4 200 41.215 164.86
83.5 200 41.215 164.86
83.6 200 41.215 164.86
83.7 200 41.215 164.86
83.8 200 41.215 164.86
83.9 200 41.215 164.86
84 200 41.215 164.86
84.1 200 41.215 164.86
84.2 200 41.215 164.86
84.3 200 41.215 164.86
84.4 200 41.215 164.86
84.5 200 41.215 164.86
84.6 200 41.215 164.86
84.7 200 41.215 164.86
84.8 200 41.215 164.86
84.9 200 41.215 164.86
85 200 41.215 164.86
85.1 200 41.215 164.86
85.2 200 41.215 164.86
85.3 200 41.215 164.86
85.4 200 41.215 164.86
85.5 200 41.215 164.86
85.6 200 41.215 164.86
85.7 200 41.215 164.86
85.8 200 41.215 164.86
85.9 200 41.215 164.86
86 200 41.215 164.86
86.1 200 41.215 164.86
86.2 200 41.215 164.86
86.3 200 41.215 164.86
86.4 200 41.215 164.86
86.5 200 41.215 164.86
86.6 200 41.215 164.86
86.7 200 41.215 164.86
86.8 200 41.215 164.86
86.9 200 41.215 164.86
87 200 41.215 164.86
87.1 200 41.215 164.86
87.2 200 41.215 164.86
87.3 200 41.215 164.86
87.4 200 41.215 164.86
87.5 200 41.215 164.86
87.6 200 41.215 164.86
87.7 200 41.215 164.86
87.8 200 41.215 164.86
87.9 200 41.215 164.86
88 200 41.215 164.86
88.1 200 41.215 164.86
88.2 200 41.215 164.86
88.3 200 41.215 164.86
88.4 200 41.215 164.86
88.5 200 41.215 164.86
88.6 200 41.215 164.86
88.7 200 41.215 164.86
88.8 200 41.215 164.86
88.9 200 41.215 164.86
89 200 41.215 164.86
89.1 200 41.215 164.86
89.2 200 41.215 164.86
89.3 200 41.215 164.86
89.4 200 41.215 164.86
89.5 200 41.215 164.86
89.6 200 41.215 164.86
89.7 200 41.215 164.86
89.8 200 41.215 164.86
89.9 200 41.215 164.86
90 200 41.215 164.86
90.1 200 41.215 164.86
90.2 200 41.215 164.86
90.3 200 41.215 164.86
90.4 200 41.215 164.86
90.5 200 41.215 164.86
90.6 200 41.215 164.86
90.7 200 41.215 164.86
90.8 200 41.215 164.86
90.9 200 41.215 164.86
91 200 41.215 164.86
91.1 200 41.215 164.86
91.2 200 41.215 164.86
91.3 200 41.215 164.86
91.4 200 41.215 164.86
91.5 200 41.215 164.86
91.6 200 41.215 164.86
91.7 200 41.215 164.86
91.8 200 41.215 164.86
91.9 200 41.215 164.86
92 200 41.215 164.86
92.1 200 41.215 164.86
92.2 200 41.215 164.86
92.3 200 41.215 164.86
92.4 200 41.215 164.86
92.5 200 41.215 164.86
92.6 200 41.215 164.86
92.7 200 41.215 164.86
92.8 200 41.215 164.86
92.9 200 41.215 164.86
93 200 41.215 164.86
93.1 200 41.215 164.86
93.2 200 41.215 164.86
93.3 200 41.215 164.86
93.4 200 41.215 164.86
93.5 200 41.215 164.86
93.6 200 41.215 164.86
93.7 200 41.215 164.86
93.8 200 41.215 164.86
93.9 200 41.215 164.86
94 200 41.215 164.86
94.1 200 41.215 164.86
94.2 200 41.215 164.86
94.3 200 41.215 164.86
94.4 200 41.215 164.86
94.5 200 41.215 164.86
94.6 200 41.215 164.86
94.7 200 41.215 164.86
94.8 200 41.215 164.86
94.9 200 41.215 164.86
95 200 41.215 164.86
95.1 200 41.215 164.86
95.2 200 41.215 164.86
95.3 200 41.215 164.86
95.4 200 41.215 164.86
95.5 200 41.215 164.86
95.6 200 41.215 164.86
95.7 200 41.215 164.86
95.8 200 41.215 164.86
95.9 200 41.215 164.86
96 200 41.215 164.86
96.1 200 41.215 164.86
96.2 200 41.215 164.86
96.3 200 41.215 164.86
96.4 200 41.215 164.86
96.5 200 41.215 164.86
96.6 200 41.215 164.86
96.7 200 41.215 164.86
96.8 200 41.215 164.86
96.9 200 41.215 164.86
97 200 41.215 164.86
97.1 200 41.215 164.86
97.2 200 41.215 164.86
97.3 200 41.215 164.86
97.4 200 41.215 164.86
97.5 200 41.215 164.86
97.6 200 41.215 164.86
97.7 200 41.215 164.86
97.8 200 41.215 164.86
97.9 200 41.215 164.86
98 200 41.215 164.86
98.1 200 41.215 164.86
98.2 200 41.215 164.86
98.3 200 41.215 164.86
98.4 200 41.215 164.86
98.5 200 41.215 164.86
98.6 200 41.215 164.86
98.7 200 41.215 164.86
98.8 200 41.215 164.86
98.9 200 41.215 164.86
99 200 41.215 164.86
99.1 200 41.215 164.86
99.2 200 41.215 164.86
99.3 200 41.215 164.86
99.4 200 41.215 164.86
99.5 200 41.215 164.86
99.6 200 41.215 164.86
99.7 200 41.215 164.86
99.8 200 41.215 164.86
99.9 200 41.215 164.86
100 200 41.215 164.86
-----------------------------------------
C
t S I R
0 300 100 0
0.1 270 100 30
0.2 244.5 97.4084 58.5
0.3 223.609 92.7381 84.7975
0.4 207.111 86.6181 108.379
0.5 194.591 79.6675 128.946
0.6 185.536 72.413 146.399
0.7 179.42 65.2525 160.802
0.8 175.753 58.4555 172.338
0.9 174.096 52.1812 181.258
1 174.074 46.5057 187.849
1.1 175.371 41.4466 192.409
1.2 177.723 36.9843 195.222
1.3 180.911 33.0776 196.556
1.4 184.755 29.6747 196.652
1.5 189.105 26.7203 195.722
1.6 193.838 24.1605 193.952
1.7 198.853 21.9448 191.502
1.8 204.064 20.0273 188.511
1.9 209.403 18.3675 185.093
2 214.811 16.9299 181.349
2.1 220.242 15.684 177.36
2.2 225.656 14.6034 173.197
2.3 231.02 13.6655 168.919
2.4 236.309 12.8512 164.572
2.5 241.501 12.1441 160.199
2.6 246.578 11.5304 155.832
2.7 251.526 10.9982 151.5
2.8 256.335 10.5377 147.224
2.9 260.995 10.1402 143.024
3 265.5 9.79851 138.915
3.1 269.844 9.50648 134.909
3.2 274.024 9.25882 131.016
3.3 278.038 9.05106 127.242
3.4 281.883 8.87933 123.596
3.5 285.56 8.74037 120.08
3.6 289.068 8.63134 116.698
3.7 292.408 8.54983 113.452
3.8 295.581 8.49376 110.345
3.9 298.587 8.46133 107.375
4 301.43 8.451 104.545
4.1 304.11 8.46144 101.853
4.2 306.629 8.49148 99.2989
4.3 308.99 8.54011 96.8814
4.4 311.196 8.60643 94.5994
4.5 313.247 8.68967 92.4513
4.6 315.148 8.78912 90.4357
4.7 316.9 8.90413 88.5506
4.8 318.505 9.03412 86.7943
4.9 319.968 9.17854 85.1649
5 321.289 9.33687 83.6602
5.1 322.472 9.50859 82.2782
5.2 323.52 9.69318 81.0169
5.3 324.435 9.89013 79.874
5.4 325.22 10.0989 78.8473
5.5 325.878 10.3189 77.9346
5.6 326.412 10.5496 77.1336
5.7 326.825 10.7903 76.4418
5.8 327.121 11.0404 75.8568
5.9 327.302 11.299 75.3761
6 327.373 11.5655 74.997
6.1 327.336 11.839 74.7168
6.2 327.197 12.1186 74.5326
6.3 326.958 12.4033 74.4416
6.4 326.625 12.6922 74.4405
6.5 326.201 12.9841 74.5261
6.6 325.692 13.278 74.695
6.7 325.102 13.5727 74.9437
6.8 324.437 13.867 75.2683
6.9 323.702 14.1597 75.665
7 322.901 14.4497 76.1296
7.1 322.042 14.7355 76.6581
7.2 321.129 15.0161 77.2458
7.3 320.17 15.2902 77.8884
7.4 319.169 15.5566 78.581
7.5 318.132 15.8142 79.3189
7.6 317.067 16.062 80.0973
7.7 315.979 16.2988 80.911
7.8 314.875 16.5238 81.7551
7.9 313.76 16.7361 82.6244
8 312.64 16.935 83.5141
8.1 311.521 17.1199 84.4189
8.2 310.409 17.2903 85.3339
8.3 309.308 17.4458 86.2543
8.4 308.225 17.5861 87.1753
8.5 307.163 17.711 88.0924
8.6 306.128 17.8206 89.0011
8.7 305.122 17.915 89.8972
8.8 304.151 17.9943 90.7769
8.9 303.217 18.0588 91.6363
9 302.323 18.109 92.4721
9.1 301.472 18.1453 93.2812
9.2 300.666 18.1684 94.0607
9.3 299.906 18.1788 94.8082
9.4 299.194 18.1773 95.5214
9.5 298.532 18.1647 96.1986
9.6 297.919 18.1417 96.8381
9.7 297.356 18.109 97.4386
9.8 296.843 18.0677 97.9994
9.9 296.38 18.0184 98.5198
10 295.966 17.9621 98.9993
10.1 295.6 17.8995 99.438
10.2 295.28 17.8314 99.8359
10.3 295.007 17.7587 100.194
10.4 294.778 17.6821 100.511
10.5 294.591 17.6024 100.791
10.6 294.445 17.5201 101.032
10.7 294.338 17.436 101.236
10.8 294.268 17.3507 101.405
10.9 294.232 17.2648 101.54
11 294.229 17.1788 101.643
11.1 294.257 17.0931 101.714
11.2 294.313 17.0083 101.756
11.3 294.395 16.9248 101.771
11.4 294.501 16.8428 101.76
11.5 294.629 16.7628 101.725
11.6 294.776 16.685 101.667
11.7 294.941 16.6097 101.589
11.8 295.122 16.5371 101.493
11.9 295.316 16.4674 101.379
12 295.522 16.4008 101.251
12.1 295.737 16.3374 101.108
12.2 295.961 16.2772 100.954
12.3 296.192 16.2204 100.79
12.4 296.427 16.167 100.616
12.5 296.665 16.1171 100.436
12.6 296.906 16.0707 100.249
12.7 297.146 16.0277 100.058
12.8 297.387 15.9882 99.8631
12.9 297.625 15.9521 99.6664
13 297.861 15.9194 99.4688
13.1 298.092 15.89 99.2711
13.2 298.319 15.8638 99.0746
13.3 298.541 15.8408 98.88
13.4 298.755 15.8208 98.6882
13.5 298.963 15.8038 98.5001
13.6 299.164 15.7896 98.3162
13.7 299.356 15.7782 98.1373
13.8 299.539 15.7695 97.9639
13.9 299.714 15.7632 97.7965
14 299.879 15.7593 97.6357
14.1 300.035 15.7576 97.4817
14.2 300.181 15.7581 97.3349
14.3 300.318 15.7606 97.1956
14.4 300.444 15.7649 97.064
14.5 300.561 15.771 96.9402
14.6 300.668 15.7786 96.8245
14.7 300.765 15.7877 96.7169
14.8 300.853 15.7982 96.6173
14.9 300.931 15.8098 96.5259
15 300.999 15.8225 96.4426
15.1 301.059 15.8362 96.3672
15.2 301.11 15.8506 96.2997
15.3 301.152 15.8658 96.2399
15.4 301.186 15.8816 96.1876
15.5 301.212 15.8979 96.1427
15.6 301.23 15.9145 96.105
15.7 301.242 15.9314 96.0741
15.8 301.246 15.9485 96.0498
15.9 301.244 15.9657 96.0319
16 301.236 15.9829 96.02
16.1 301.223 15.9999 96.0139
16.2 301.204 16.0168 96.0131
16.3 301.18 16.0335 96.0175
16.4 301.152 16.0498 96.0267
16.5 301.12 16.0658 96.0403
16.6 301.084 16.0813 96.058
16.7 301.045 16.0964 96.0795
16.8 301.003 16.1109 96.1045
16.9 300.959 16.1249 96.1325
17 300.913 16.1383 96.1634
17.1 300.865 16.151 96.1967
17.2 300.815 16.163 96.2321
17.3 300.765 16.1744 96.2694
17.4 300.714 16.1851 96.3083
17.5 300.662 16.1951 96.3484
17.6 300.61 16.2044 96.3895
17.7 300.558 16.2129 96.4314
17.8 300.507 16.2207 96.4737
17.9 300.456 16.2278 96.5162
18 300.406 16.2342 96.5587
18.1 300.357 16.2399 96.6011
18.2 300.31 16.2449 96.643
18.3 300.263 16.2493 96.6843
18.4 300.219 16.253 96.7249
18.5 300.175 16.2561 96.7646
18.6 300.134 16.2585 96.8031
18.7 300.094 16.2604 96.8405
18.8 300.057 16.2617 96.8766
18.9 300.021 16.2625 96.9113
19 299.988 16.2628 96.9445
19.1 299.956 16.2626 96.9761
19.2 299.927 16.262 97.0061
19.3 299.9 16.261 97.0344
19.4 299.875 16.2596 97.061
19.5 299.852 16.2578 97.0858
19.6 299.831 16.2558 97.1089
19.7 299.813 16.2534 97.1302
19.8 299.796 16.2508 97.1497
19.9 299.782 16.2479 97.1674
20 299.769 16.2448 97.1834
20.1 299.759 16.2416 97.1977
20.2 299.75 16.2382 97.2103
20.3 299.743 16.2347 97.2212
20.4 299.738 16.2311 97.2306
20.5 299.735 16.2274 97.2384
20.6 299.733 16.2237 97.2447
20.7 299.732 16.22 97.2496
20.8 299.733 16.2162 97.2531
20.9 299.735 16.2125 97.2553
21 299.738 16.2088 97.2563
21.1 299.743 16.2051 97.2561
21.2 299.748 16.2015 97.2548
21.3 299.755 16.198 97.2525
21.4 299.762 16.1945 97.2493
21.5 299.77 16.1912 97.2452
21.6 299.778 16.188 97.2403
21.7 299.788 16.1849 97.2347
21.8 299.797 16.1819 97.2284
21.9 299.807 16.1791 97.2216
22 299.818 16.1764 97.2142
22.1 299.829 16.1739 97.2064
22.2 299.84 16.1715 97.1983
22.3 299.851 16.1692 97.1898
22.4 299.862 16.1671 97.1811
22.5 299.873 16.1652 97.1722
22.6 299.884 16.1634 97.1631
22.7 299.895 16.1618 97.154
22.8 299.906 16.1603 97.1448
22.9 299.917 16.159 97.1357
23 299.927 16.1579 97.1266
23.1 299.937 16.1568 97.1176
23.2 299.947 16.156 97.1088
23.3 299.956 16.1552 97.1001
23.4 299.966 16.1546 97.0917
23.5 299.974 16.1541 97.0835
23.6 299.983 16.1538 97.0756
23.7 299.991 16.1535 97.0679
23.8 299.998 16.1534 97.0606
23.9 300.005 16.1534 97.0536
24 300.012 16.1534 97.0469
24.1 300.018 16.1536 97.0406
24.2 300.024 16.1539 97.0347
24.3 300.029 16.1542 97.0291
24.4 300.033 16.1546 97.0239
24.5 300.038 16.1551 97.0191
24.6 300.042 16.1556 97.0146
24.7 300.045 16.1562 97.0106
24.8 300.048 16.1568 97.0069
24.9 300.05 16.1575 97.0036
25 300.053 16.1582 97.0006
25.1 300.054 16.1589 96.9981
25.2 300.056 16.1597 96.9958
25.3 300.057 16.1604 96.9939
25.4 300.057 16.1612 96.9924
25.5 300.058 16.162 96.9911
25.6 300.058 16.1628 96.9902
25.7 300.057 16.1636 96.9895
25.8 300.057 16.1644 96.9891
25.9 300.056 16.1652 96.989
26 300.055 16.166 96.9891
26.1 300.054 16.1668 96.9895
26.2 300.052 16.1675 96.99
26.3 300.051 16.1683 96.9908
26.4 300.049 16.169 96.9917
26.5 300.047 16.1697 96.9928
26.6 300.045 16.1703 96.9941
26.7 300.043 16.1709 96.9955
26.8 300.041 16.1715 96.997
26.9 300.038 16.1721 96.9986
27 300.036 16.1726 97.0003
27.1 300.034 16.1732 97.0021
27.2 300.031 16.1736 97.0039
27.3 300.029 16.1741 97.0058
27.4 300.027 16.1745 97.0077
27.5 300.024 16.1748 97.0097
27.6 300.022 16.1752 97.0117
27.7 300.02 16.1755 97.0136
27.8 300.017 16.1758 97.0156
27.9 300.015 16.176 97.0175
28 300.013 16.1762 97.0195
28.1 300.011 16.1764 97.0213
28.2 300.009 16.1765 97.0232
28.3 300.007 16.1767 97.025
28.4 300.005 16.1768 97.0267
28.5 300.003 16.1768 97.0284
28.6 300.001 16.1769 97.0301
28.7 300 16.1769 97.0316
28.8 299.998 16.1769 97.0331
28.9 299.997 16.1769 97.0345
29 299.996 16.1768 97.0358
29.1 299.995 16.1768 97.0371
29.2 299.993 16.1767 97.0383
29.3 299.992 16.1766 97.0394
29.4 299.992 16.1765 97.0404
29.5 299.991 16.1764 97.0413
29.6 299.99 16.1762 97.0422
29.7 299.99 16.1761 97.0429
29.8 299.989 16.176 97.0436
29.9 299.989 16.1758 97.0442
30 299.988 16.1756 97.0447
30.1 299.988 16.1755 97.0452
30.2 299.988 16.1753 97.0456
30.3 299.988 16.1751 97.0459
30.4 299.988 16.175 97.0462
30.5 299.988 16.1748 97.0463
30.6 299.988 16.1746 97.0465
30.7 299.988 16.1745 97.0465
30.8 299.988 16.1743 97.0465
30.9 299.988 16.1741 97.0465
31 299.989 16.174 97.0464
31.1 299.989 16.1738 97.0463
31.2 299.989 16.1736 97.0461
31.3 299.99 16.1735 97.0459
31.4 299.99 16.1733 97.0456
31.5 299.99 16.1732 97.0453
31.6 299.991 16.1731 97.045
31.7 299.991 16.1729 97.0447
31.8 299.992 16.1728 97.0444
31.9 299.992 16.1727 97.044
32 299.993 16.1726 97.0436
32.1 299.993 16.1725 97.0432
32.2 299.994 16.1724 97.0428
32.3 299.994 16.1723 97.0424
32.4 299.995 16.1722 97.0419
32.5 299.995 16.1722 97.0415
32.6 299.996 16.1721 97.0411
32.7 299.996 16.1721 97.0407
32.8 299.997 16.172 97.0403
32.9 299.997 16.172 97.0398
33 299.998 16.1719 97.0394
33.1 299.998 16.1719 97.0391
33.2 299.999 16.1719 97.0387
33.3 299.999 16.1719 97.0383
33.4 299.999 16.1718 97.0379
33.5 300 16.1718 97.0376
33.6 300 16.1718 97.0373
33.7 300 16.1718 97.0369
33.8 300.001 16.1718 97.0366
33.9 300.001 16.1718 97.0364
34 300.001 16.1719 97.0361
34.1 300.001 16.1719 97.0359
34.2 300.002 16.1719 97.0356
34.3 300.002 16.1719 97.0354
34.4 300.002 16.1719 97.0352
34.5 300.002 16.172 97.035
34.6 300.002 16.172 97.0349
34.7 300.002 16.172 97.0347
34.8 300.002 16.1721 97.0346
34.9 300.003 16.1721 97.0345
35 300.003 16.1721 97.0344
35.1 300.003 16.1722 97.0343
35.2 300.003 16.1722 97.0343
35.3 300.003 16.1723 97.0342
35.4 300.003 16.1723 97.0342
35.5 300.003 16.1723 97.0342
35.6 300.003 16.1724 97.0342
35.7 300.003 16.1724 97.0342
35.8 300.003 16.1724 97.0342
35.9 300.002 16.1725 97.0342
36 300.002 16.1725 97.0342
36.1 300.002 16.1725 97.0343
36.2 300.002 16.1726 97.0343
36.3 300.002 16.1726 97.0344
36.4 300.002 16.1726 97.0344
36.5 300.002 16.1727 97.0345
36.6 300.002 16.1727 97.0346
36.7 300.002 16.1727 97.0347
36.8 300.002 16.1727 97.0347
36.9 300.001 16.1728 97.0348
37 300.001 16.1728 97.0349
37.1 300.001 16.1728 97.035
37.2 300.001 16.1728 97.0351
37.3 300.001 16.1728 97.0352
37.4 300.001 16.1728 97.0353
37.5 300.001 16.1729 97.0354
37.6 300.001 16.1729 97.0354
37.7 300.001 16.1729 97.0355
37.8 300.001 16.1729 97.0356
37.9 300 16.1729 97.0357
38 300 16.1729 97.0358
38.1 300 16.1729 97.0359
38.2 300 16.1729 97.036
38.3 300 16.1729 97.036
38.4 300 16.1729 97.0361
38.5 300 16.1729 97.0362
38.6 300 16.1729 97.0362
38.7 300 16.1729 97.0363
38.8 300 16.1729 97.0364
38.9 300 16.1729 97.0364
39 300 16.1729 97.0365
39.1 300 16.1729 97.0365
39.2 300 16.1729 97.0366
39.3 300 16.1729 97.0366
39.4 300 16.1729 97.0366
39.5 299.999 16.1729 97.0367
39.6 299.999 16.1729 97.0367
39.7 299.999 16.1729 97.0367
39.8 299.999 16.1729 97.0368
39.9 299.999 16.1728 97.0368
40 299.999 16.1728 97.0368
40.1 299.999 16.1728 97.0368
40.2 299.999 16.1728 97.0368
40.3 299.999 16.1728 97.0368
40.4 299.999 16.1728 97.0368
40.5 299.999 16.1728 97.0368
40.6 299.999 16.1728 97.0368
40.7 299.999 16.1728 97.0368
40.8 299.999 16.1728 97.0368
40.9 299.999 16.1728 97.0368
41 300 16.1728 97.0368
41.1 300 16.1728 97.0368
41.2 300 16.1727 97.0368
41.3 300 16.1727 97.0368
41.4 300 16.1727 97.0367
41.5 300 16.1727 97.0367
41.6 300 16.1727 97.0367
41.7 300 16.1727 97.0367
41.8 300 16.1727 97.0367
41.9 300 16.1727 97.0367
42 300 16.1727 97.0366
42.1 300 16.1727 97.0366
42.2 300 16.1727 97.0366
42.3 300 16.1727 97.0366
42.4 300 16.1727 97.0366
42.5 300 16.1727 97.0365
42.6 300 16.1727 97.0365
42.7 300 16.1727 97.0365
42.8 300 16.1727 97.0365
42.9 300 16.1727 97.0365
43 300 16.1727 97.0364
43.1 300 16.1727 97.0364
43.2 300 16.1727 97.0364
43.3 300 16.1727 97.0364
43.4 300 16.1727 97.0364
43.5 300 16.1727 97.0364
43.6 300 16.1727 97.0364
43.7 300 16.1727 97.0363
43.8 300 16.1727 97.0363
43.9 300 16.1727 97.0363
44 300 16.1727 97.0363
44.1 300 16.1727 97.0363
44.2 300 16.1727 97.0363
44.3 300 16.1727 97.0363
44.4 300 16.1727 97.0363
44.5 300 16.1727 97.0363
44.6 300 16.1727 97.0363
44.7 300 16.1727 97.0363
44.8 300 16.1727 97.0363
44.9 300 16.1727 97.0363
45 300 16.1727 97.0363
45.1 300 16.1727 97.0362
45.2 300 16.1727 97.0362
45.3 300 16.1727 97.0362
45.4 300 16.1727 97.0362
45.5 300 16.1727 97.0362
45.6 300 16.1727 97.0362
45.7 300 16.1727 97.0362
45.8 300 16.1727 97.0363
45.9 300 16.1727 97.0363
46 300 16.1727 97.0363
46.1 300 16.1727 97.0363
46.2 300 16.1727 97.0363
46.3 300 16.1727 97.0363
46.4 300 16.1727 97.0363
46.5 300 16.1727 97.0363
46.6 300 16.1727 97.0363
46.7 300 16.1727 97.0363
46.8 300 16.1727 97.0363
46.9 300 16.1727 97.0363
47 300 16.1727 97.0363
47.1 300 16.1727 97.0363
47.2 300 16.1727 97.0363
47.3 300 16.1727 97.0363
47.4 300 16.1727 97.0363
47.5 300 16.1727 97.0363
47.6 300 16.1727 97.0363
47.7 300 16.1727 97.0363
47.8 300 16.1727 97.0363
47.9 300 16.1727 97.0363
48 300 16.1727 97.0363
48.1 300 16.1727 97.0363
48.2 300 16.1727 97.0363
48.3 300 16.1727 97.0363
48.4 300 16.1727 97.0363
48.5 300 16.1727 97.0363
48.6 300 16.1727 97.0364
48.7 300 16.1727 97.0364
48.8 300 16.1727 97.0364
48.9 300 16.1727 97.0364
49 300 16.1727 97.0364
49.1 300 16.1727 97.0364
49.2 300 16.1727 97.0364
49.3 300 16.1727 97.0364
49.4 300 16.1727 97.0364
49.5 300 16.1727 97.0364
49.6 300 16.1727 97.0364
49.7 300 16.1727 97.0364
49.8 300 16.1727 97.0364
49.9 300 16.1727 97.0364
50 300 16.1727 97.0364
50.1 300 16.1727 97.0364
50.2 300 16.1727 97.0364
50.3 300 16.1727 97.0364
50.4 300 16.1727 97.0364
50.5 300 16.1727 97.0364
50.6 300 16.1727 97.0364
50.7 300 16.1727 97.0364
50.8 300 16.1727 97.0364
50.9 300 16.1727 97.0364
51 300 16.1727 97.0364
51.1 300 16.1727 97.0364
51.2 300 16.1727 97.0364
51.3 300 16.1727 97.0364
51.4 300 16.1727 97.0364
51.5 300 16.1727 97.0364
51.6 300 16.1727 97.0364
51.7 300 16.1727 97.0364
51.8 300 16.1727 97.0364
51.9 300 16.1727 97.0364
52 300 16.1727 97.0364
52.1 300 16.1727 97.0364
52.2 300 16.1727 97.0364
52.3 300 16.1727 97.0364
52.4 300 16.1727 97.0364
52.5 300 16.1727 97.0364
52.6 300 16.1727 97.0364
52.7 300 16.1727 97.0364
52.8 300 16.1727 97.0364
52.9 300 16.1727 97.0364
53 300 16.1727 97.0364
53.1 300 16.1727 97.0363
53.2 300 16.1727 97.0363
53.3 300 16.1727 97.0363
53.4 300 16.1727 97.0363
53.5 300 16.1727 97.0363
53.6 300 16.1727 97.0363
53.7 300 16.1727 97.0363
53.8 300 16.1727 97.0363
53.9 300 16.1727 97.0363
54 300 16.1727 97.0363
54.1 300 16.1727 97.0363
54.2 300 16.1727 97.0363
54.3 300 16.1727 97.0363
54.4 300 16.1727 97.0363
54.5 300 16.1727 97.0363
54.6 300 16.1727 97.0363
54.7 300 16.1727 97.0363
54.8 300 16.1727 97.0363
54.9 300 16.1727 97.0363
55 300 16.1727 97.0363
55.1 300 16.1727 97.0363
55.2 300 16.1727 97.0363
55.3 300 16.1727 97.0363
55.4 300 16.1727 97.0363
55.5 300 16.1727 97.0363
55.6 300 16.1727 97.0363
55.7 300 16.1727 97.0363
55.8 300 16.1727 97.0363
55.9 300 16.1727 97.0363
56 300 16.1727 97.0363
56.1 300 16.1727 97.0363
56.2 300 16.1727 97.0363
56.3 300 16.1727 97.0363
56.4 300 16.1727 97.0363
56.5 300 16.1727 97.0363
56.6 300 16.1727 97.0363
56.7 300 16.1727 97.0363
56.8 300 16.1727 97.0363
56.9 300 16.1727 97.0363
57 300 16.1727 97.0363
57.1 300 16.1727 97.0363
57.2 300 16.1727 97.0363
57.3 300 16.1727 97.0363
57.4 300 16.1727 97.0363
57.5 300 16.1727 97.0363
57.6 300 16.1727 97.0363
57.7 300 16.1727 97.0363
57.8 300 16.1727 97.0363
57.9 300 16.1727 97.0363
58 300 16.1727 97.0363
58.1 300 16.1727 97.0363
58.2 300 16.1727 97.0363
58.3 300 16.1727 97.0363
58.4 300 16.1727 97.0363
58.5 300 16.1727 97.0363
58.6 300 16.1727 97.0363
58.7 300 16.1727 97.0363
58.8 300 16.1727 97.0363
58.9 300 16.1727 97.0363
59 300 16.1727 97.0363
59.1 300 16.1727 97.0363
59.2 300 16.1727 97.0363
59.3 300 16.1727 97.0363
59.4 300 16.1727 97.0363
59.5 300 16.1727 97.0363
59.6 300 16.1727 97.0363
59.7 300 16.1727 97.0363
59.8 300 16.1727 97.0363
59.9 300 16.1727 97.0363
60 300 16.1727 97.0363
60.1 300 16.1727 97.0363
60.2 300 16.1727 97.0363
60.3 300 16.1727 97.0363
60.4 300 16.1727 97.0363
60.5 300 16.1727 97.0363
60.6 300 16.1727 97.0363
60.7 300 16.1727 97.0363
60.8 300 16.1727 97.0363
60.9 300 16.1727 97.0363
61 300 16.1727 97.0363
61.1 300 16.1727 97.0363
61.2 300 16.1727 97.0363
61.3 300 16.1727 97.0363
61.4 300 16.1727 97.0363
61.5 300 16.1727 97.0363
61.6 300 16.1727 97.0363
61.7 300 16.1727 97.0363
61.8 300 16.1727 97.0363
61.9 300 16.1727 97.0363
62 300 16.1727 97.0363
62.1 300 16.1727 97.0363
62.2 300 16.1727 97.0363
62.3 300 16.1727 97.0363
62.4 300 16.1727 97.0363
62.5 300 16.1727 97.0363
62.6 300 16.1727 97.0363
62.7 300 16.1727 97.0363
62.8 300 16.1727 97.0363
62.9 300 16.1727 97.0363
63 300 16.1727 97.0363
63.1 300 16.1727 97.0363
63.2 300 16.1727 97.0363
63.3 300 16.1727 97.0363
63.4 300 16.1727 97.0363
63.5 300 16.1727 97.0363
63.6 300 16.1727 97.0363
63.7 300 16.1727 97.0363
63.8 300 16.1727 97.0363
63.9 300 16.1727 97.0363
64 300 16.1727 97.0363
64.1 300 16.1727 97.0363
64.2 300 16.1727 97.0363
64.3 300 16.1727 97.0363
64.4 300 16.1727 97.0363
64.5 300 16.1727 97.0363
64.6 300 16.1727 97.0363
64.7 300 16.1727 97.0363
64.8 300 16.1727 97.0363
64.9 300 16.1727 97.0363
65 300 16.1727 97.0363
65.1 300 16.1727 97.0363
65.2 300 16.1727 97.0363
65.3 300 16.1727 97.0363
65.4 300 16.1727 97.0363
65.5 300 16.1727 97.0363
65.6 300 16.1727 97.0363
65.7 300 16.1727 97.0363
65.8 300 16.1727 97.0363
65.9 300 16.1727 97.0363
66 300 16.1727 97.0363
66.1 300 16.1727 97.0363
66.2 300 16.1727 97.0363
66.3 300 16.1727 97.0363
66.4 300 16.1727 97.0363
66.5 300 16.1727 97.0363
66.6 300 16.1727 97.0363
66.7 300 16.1727 97.0363
66.8 300 16.1727 97.0363
66.9 300 16.1727 97.0363
67 300 16.1727 97.0363
67.1 300 16.1727 97.0363
67.2 300 16.1727 97.0363
67.3 300 16.1727 97.0363
67.4 300 16.1727 97.0363
67.5 300 16.1727 97.0363
67.6 300 16.1727 97.0363
67.7 300 16.1727 97.0363
67.8 300 16.1727 97.0363
67.9 300 16.1727 97.0363
68 300 16.1727 97.0363
68.1 300 16.1727 97.0363
68.2 300 16.1727 97.0363
68.3 300 16.1727 97.0363
68.4 300 16.1727 97.0363
68.5 300 16.1727 97.0363
68.6 300 16.1727 97.0363
68.7 300 16.1727 97.0363
68.8 300 16.1727 97.0363
68.9 300 16.1727 97.0363
69 300 16.1727 97.0363
69.1 300 16.1727 97.0363
69.2 300 16.1727 97.0363
69.3 300 16.1727 97.0363
69.4 300 16.1727 97.0363
69.5 300 16.1727 97.0363
69.6 300 16.1727 97.0363
69.7 300 16.1727 97.0363
69.8 300 16.1727 97.0363
69.9 300 16.1727 97.0363
70 300 16.1727 97.0363
70.1 300 16.1727 97.0363
70.2 300 16.1727 97.0363
70.3 300 16.1727 97.0363
70.4 300 16.1727 97.0363
70.5 300 16.1727 97.0363
70.6 300 16.1727 97.0363
70.7 300 16.1727 97.0363
70.8 300 16.1727 97.0363
70.9 300 16.1727 97.0363
71 300 16.1727 97.0363
71.1 300 16.1727 97.0363
71.2 300 16.1727 97.0363
71.3 300 16.1727 97.0363
71.4 300 16.1727 97.0363
71.5 300 16.1727 97.0363
71.6 300 16.1727 97.0363
71.7 300 16.1727 97.0363
71.8 300 16.1727 97.0363
71.9 300 16.1727 97.0363
72 300 16.1727 97.0363
72.1 300 16.1727 97.0363
72.2 300 16.1727 97.0363
72.3 300 16.1727 97.0363
72.4 300 16.1727 97.0363
72.5 300 16.1727 97.0363
72.6 300 16.1727 97.0363
72.7 300 16.1727 97.0363
72.8 300 16.1727 97.0363
72.9 300 16.1727 97.0363
73 300 16.1727 97.0363
73.1 300 16.1727 97.0363
73.2 300 16.1727 97.0363
73.3 300 16.1727 97.0363
73.4 300 16.1727 97.0363
73.5 300 16.1727 97.0363
73.6 300 16.1727 97.0363
73.7 300 16.1727 97.0363
73.8 300 16.1727 97.0363
73.9 300 16.1727 97.0363
74 300 16.1727 97.0363
74.1 300 16.1727 97.0363
74.2 300 16.1727 97.0363
74.3 300 16.1727 97.0363
74.4 300 16.1727 97.0363
74.5 300 16.1727 97.0363
74.6 300 16.1727 97.0363
74.7 300 16.1727 97.0363
74.8 300 16.1727 97.0363
74.9 300 16.1727 97.0363
75 300 16.1727 97.0363
75.1 300 16.1727 97.0363
75.2 300 16.1727 97.0363
75.3 300 16.1727 97.0363
75.4 300 16.1727 97.0363
75.5 300 16.1727 97.0363
75.6 300 16.1727 97.0363
75.7 300 16.1727 97.0363
75.8 300 16.1727 97.0363
75.9 300 16.1727 97.0363
76 300 16.1727 97.0363
76.1 300 16.1727 97.0363
76.2 300 16.1727 97.0363
76.3 300 16.1727 97.0363
76.4 300 16.1727 97.0363
76.5 300 16.1727 97.0363
76.6 300 16.1727 97.0363
76.7 300 16.1727 97.0363
76.8 300 16.1727 97.0363
76.9 300 16.1727 97.0363
77 300 16.1727 97.0363
77.1 300 16.1727 97.0363
77.2 300 16.1727 97.0363
77.3 300 16.1727 97.0363
77.4 300 16.1727 97.0363
77.5 300 16.1727 97.0363
77.6 300 16.1727 97.0363
77.7 300 16.1727 97.0363
77.8 300 16.1727 97.0363
77.9 300 16.1727 97.0363
78 300 16.1727 97.0363
78.1 300 16.1727 97.0363
78.2 300 16.1727 97.0363
78.3 300 16.1727 97.0363
78.4 300 16.1727 97.0363
78.5 300 16.1727 97.0363
78.6 300 16.1727 97.0363
78.7 300 16.1727 97.0363
78.8 300 16.1727 97.0363
78.9 300 16.1727 97.0363
79 300 16.1727 97.0363
79.1 300 16.1727 97.0363
79.2 300 16.1727 97.0363
79.3 300 16.1727 97.0363
79.4 300 16.1727 97.0363
79.5 300 16.1727 97.0363
79.6 300 16.1727 97.0363
79.7 300 16.1727 97.0363
79.8 300 16.1727 97.0363
79.9 300 16.1727 97.0363
80 300 16.1727 97.0363
80.1 300 16.1727 97.0363
80.2 300 16.1727 97.0363
80.3 300 16.1727 97.0363
80.4 300 16.1727 97.0363
80.5 300 16.1727 97.0363
80.6 300 16.1727 97.0363
80.7 300 16.1727 97.0363
80.8 300 16.1727 97.0363
80.9 300 16.1727 97.0363
81 300 16.1727 97.0363
81.1 300 16.1727 97.0363
81.2 300 16.1727 97.0363
81.3 300 16.1727 97.0363
81.4 300 16.1727 97.0363
81.5 300 16.1727 97.0363
81.6 300 16.1727 97.0363
81.7 300 16.1727 97.0363
81.8 300 16.1727 97.0363
81.9 300 16.1727 97.0363
82 300 16.1727 97.0363
82.1 300 16.1727 97.0363
82.2 300 16.1727 97.0363
82.3 300 16.1727 97.0363
82.4 300 16.1727 97.0363
82.5 300 16.1727 97.0363
82.6 300 16.1727 97.0363
82.7 300 16.1727 97.0363
82.8 300 16.1727 97.0363
82.9 300 16.1727 97.0363
83 300 16.1727 97.0363
83.1 300 16.1727 97.0363
83.2 300 16.1727 97.0363
83.3 300 16.1727 97.0363
83.4 300 16.1727 97.0363
83.5 300 16.1727 97.0363
83.6 300 16.1727 97.0363
83.7 300 16.1727 97.0363
83.8 300 16.1727 97.0363
83.9 300 16.1727 97.0363
84 300 16.1727 97.0363
84.1 300 16.1727 97.0363
84.2 300 16.1727 97.0363
84.3 300 16.1727 97.0363
84.4 300 16.1727 97.0363
84.5 300 16.1727 97.0363
84.6 300 16.1727 97.0363
84.7 300 16.1727 97.0363
84.8 300 16.1727 97.0363
84.9 300 16.1727 97.0363
85 300 16.1727 97.0363
85.1 300 16.1727 97.0363
85.2 300 16.1727 97.0363
85.3 300 16.1727 97.0363
85.4 300 16.1727 97.0363
85.5 300 16.1727 97.0363
85.6 300 16.1727 97.0363
85.7 300 16.1727 97.0363
85.8 300 16.1727 97.0363
85.9 300 16.1727 97.0363
86 300 16.1727 97.0363
86.1 300 16.1727 97.0363
86.2 300 16.1727 97.0363
86.3 300 16.1727 97.0363
86.4 300 16.1727 97.0363
86.5 300 16.1727 97.0363
86.6 300 16.1727 97.0363
86.7 300 16.1727 97.0363
86.8 300 16.1727 97.0363
86.9 300 16.1727 97.0363
87 300 16.1727 97.0363
87.1 300 16.1727 97.0363
87.2 300 16.1727 97.0363
87.3 300 16.1727 97.0363
87.4 300 16.1727 97.0363
87.5 300 16.1727 97.0363
87.6 300 16.1727 97.0363
87.7 300 16.1727 97.0363
87.8 300 16.1727 97.0363
87.9 300 16.1727 97.0363
88 300 16.1727 97.0363
88.1 300 16.1727 97.0363
88.2 300 16.1727 97.0363
88.3 300 16.1727 97.0363
88.4 300 16.1727 97.0363
88.5 300 16.1727 97.0363
88.6 300 16.1727 97.0363
88.7 300 16.1727 97.0363
88.8 300 16.1727 97.0363
88.9 300 16.1727 97.0363
89 300 16.1727 97.0363
89.1 300 16.1727 97.0363
89.2 300 16.1727 97.0363
89.3 300 16.1727 97.0363
89.4 300 16.1727 97.0363
89.5 300 16.1727 97.0363
89.6 300 16.1727 97.0363
89.7 300 16.1727 97.0363
89.8 300 16.1727 97.0363
89.9 300 16.1727 97.0363
90 300 16.1727 97.0363
90.1 300 16.1727 97.0363
90.2 300 16.1727 97.0363
90.3 300 16.1727 97.0363
90.4 300 16.1727 97.0363
90.5 300 16.1727 97.0363
90.6 300 16.1727 97.0363
90.7 300 16.1727 97.0363
90.8 300 16.1727 97.0363
90.9 300 16.1727 97.0363
91 300 16.1727 97.0363
91.1 300 16.1727 97.0363
91.2 300 16.1727 97.0363
91.3 300 16.1727 97.0363
91.4 300 16.1727 97.0363
91.5 300 16.1727 97.0363
91.6 300 16.1727 97.0363
91.7 300 16.1727 97.0363
91.8 300 16.1727 97.0363
91.9 300 16.1727 97.0363
92 300 16.1727 97.0363
92.1 300 16.1727 97.0363
92.2 300 16.1727 97.0363
92.3 300 16.1727 97.0363
92.4 300 16.1727 97.0363
92.5 300 16.1727 97.0363
92.6 300 16.1727 97.0363
92.7 300 16.1727 97.0363
92.8 300 16.1727 97.0363
92.9 300 16.1727 97.0363
93 300 16.1727 97.0363
93.1 300 16.1727 97.0363
93.2 300 16.1727 97.0363
93.3 300 16.1727 97.0363
93.4 300 16.1727 97.0363
93.5 300 16.1727 97.0363
93.6 300 16.1727 97.0363
93.7 300 16.1727 97.0363
93.8 300 16.1727 97.0363
93.9 300 16.1727 97.0363
94 300 16.1727 97.0363
94.1 300 16.1727 97.0363
94.2 300 16.1727 97.0363
94.3 300 16.1727 97.0363
94.4 300 16.1727 97.0363
94.5 300 16.1727 97.0363
94.6 300 16.1727 97.0363
94.7 300 16.1727 97.0363
94.8 300 16.1727 97.0363
94.9 300 16.1727 97.0363
95 300 16.1727 97.0363
95.1 300 16.1727 97.0363
95.2 300 16.1727 97.0363
95.3 300 16.1727 97.0363
95.4 300 16.1727 97.0363
95.5 300 16.1727 97.0363
95.6 300 16.1727 97.0363
95.7 300 16.1727 97.0363
95.8 300 16.1727 97.0363
95.9 300 16.1727 97.0363
96 300 16.1727 97.0363
96.1 300 16.1727 97.0363
96.2 300 16.1727 97.0363
96.3 300 16.1727 97.0363
96.4 300 16.1727 97.0363
96.5 300 16.1727 97.0363
96.6 300 16.1727 97.0363
96.7 300 16.1727 97.0363
96.8 300 16.1727 97.0363
96.9 300 16.1727 97.0363
97 300 16.1727 97.0363
97.1 300 16.1727 97.0363
97.2 300 16.1727 97.0363
97.3 300 16.1727 97.0363
97.4 300 16.1727 97.0363
97.5 300 16.1727 97.0363
97.6 300 16.1727 97.0363
97.7 300 16.1727 97.0363
97.8 300 16.1727 97.0363
97.9 300 16.1727 97.0363
98 300 16.1727 97.0363
98.1 300 16.1727 97.0363
98.2 300 16.1727 97.0363
98.3 300 16.1727 97.0363
98.4 300 16.1727 97.0363
98.5 300 16.1727 97.0363
98.6 300 16.1727 97.0363
98.7 300 16.1727 97.0363
98.8 300 16.1727 97.0363
98.9 300 16.1727 97.0363
99 300 16.1727 97.0363
99.1 300 16.1727 97.0363
99.2 300 16.1727 97.0363
99.3 300 16.1727 97.0363
99.4 300 16.1727 97.0363
99.5 300 16.1727 97.0363
99.6 300 16.1727 97.0363
99.7 300 16.1727 97.0363
99.8 300 16.1727 97.0363
99.9 300 16.1727 97.0363
100 300 16.1727 97.0363
-----------------------------------------
D
t S I R
0 300 100 0
0.1 270 91.76 40
0.2 247.225 81.9307 74.704
0.3 230.705 71.6167 103.741
0.4 219.369 61.6262 127.201
0.5 212.211 52.4538 145.491
0.6 208.354 44.3372 159.198
0.7 207.076 37.3356 168.973
0.8 207.793 31.4004 175.459
0.9 210.041 26.4272 179.246
1 213.453 22.2907 180.854
1.1 217.738 18.8643 180.728
1.2 222.667 16.0312 179.237
1.3 228.059 13.6887 176.688
1.4 233.771 11.7493 173.329
1.5 239.691 10.1399 169.362
1.6 245.729 8.8005 164.95
1.7 251.814 7.68179 160.223
1.8 257.891 6.7438 155.284
1.9 263.916 5.95411 150.218
2 269.855 5.28646 145.088
2.1 275.683 4.71954 139.949
2.2 281.379 4.23608 134.839
2.3 286.929 3.82203 129.791
2.4 292.322 3.46594 124.831
2.5 297.551 3.15842 119.976
2.6 302.61 2.89179 115.24
2.7 307.497 2.65972 110.635
2.8 312.21 2.45699 106.167
2.9 316.752 2.27926 101.841
3 321.122 2.12291 97.6611
3.1 325.323 1.98493 93.6272
3.2 329.359 1.86279 89.7398
3.3 333.232 1.75436 85.9979
3.4 336.948 1.65784 82.3998
3.5 340.509 1.5717 78.9429
3.6 343.921 1.49466 75.6244
3.7 347.188 1.42559 72.4411
3.8 350.315 1.36355 69.3893
3.9 353.307 1.30773 66.4652
4 356.168 1.25741 63.6651
4.1 358.904 1.212 60.9848
4.2 361.518 1.17096 58.4203
4.3 364.016 1.13383 55.9677
4.4 366.401 1.10021 53.6228
4.5 368.679 1.06975 51.3818
4.6 370.854 1.04214 49.2406
4.7 372.929 1.01711 47.1954
4.8 374.91 0.994424 45.2425
4.9 376.799 0.973865 43.3781
5 378.601 0.955247 41.5988
5.1 380.319 0.938403 39.9009
5.2 381.958 0.923185 38.2813
5.3 383.519 0.909461 36.7365
5.4 385.007 0.89711 35.2634
5.5 386.425 0.886027 33.8591
5.6 387.775 0.876116 32.5206
5.7 389.062 0.867291 31.245
5.8 390.287 0.859474 30.0296
5.9 391.453 0.852594 28.8719
6 392.562 0.84659 27.7694
6.1 393.619 0.841401 26.7196
6.2 394.623 0.836977 25.7201
6.3 395.579 0.833269 24.7689
6.4 396.488 0.830233 23.8638
6.5 397.352 0.82783 23.0027
6.6 398.173 0.826024 22.1837
6.7 398.953 0.824781 21.4049
6.8 399.695 0.824069 20.6646
6.9 400.398 0.823862 19.961
7 401.067 0.824132 19.2925
7.1 401.701 0.824857 18.6575
7.2 402.302 0.826013 18.0546
7.3 402.873 0.82758 17.4822
7.4 403.413 0.829539 16.9392
7.5 403.926 0.831872 16.424
7.6 404.411 0.834563 15.9356
7.7 404.87 0.837596 15.4726
7.8 405.305 0.840957 15.034
7.9 405.715 0.844633 14.6187
8 406.104 0.848611 14.2256
8.1 406.47 0.852879 13.8538
8.2 406.816 0.857426 13.5022
8.3 407.143 0.862242 13.1701
8.4 407.45 0.867317 12.8565
8.5 407.74 0.872641 12.5606
8.6 408.012 0.878206 12.2816
8.7 408.268 0.884004 12.0188
8.8 408.508 0.890026 11.7715
8.9 408.733 0.896266 11.5389
9 408.943 0.902715 11.3205
9.1 409.14 0.909367 11.1155
9.2 409.324 0.916216 10.9235
9.3 409.495 0.923255 10.7438
9.4 409.654 0.930478 10.5759
9.5 409.802 0.93788 10.4193
9.6 409.938 0.945455 10.2735
9.7 410.064 0.953198 10.138
9.8 410.18 0.961103 10.0124
9.9 410.287 0.969165 9.89622
10 410.384 0.97738 9.78908
10.1 410.472 0.985743 9.69057
10.2 410.552 0.994249 9.60034
10.3 410.624 1.00289 9.51803
10.4 410.688 1.01167 9.44328
10.5 410.745 1.02058 9.37579
10.6 410.794 1.02962 9.31523
10.7 410.837 1.03878 9.26132
10.8 410.874 1.04805 9.21376
10.9 410.904 1.05744 9.1723
11 410.928 1.06694 9.13666
11.1 410.946 1.07655 9.1066
11.2 410.959 1.08626 9.0819
11.3 410.967 1.09607 9.06231
11.4 410.969 1.10598 9.04762
11.5 410.967 1.11597 9.03763
11.6 410.961 1.12606 9.03214
11.7 410.949 1.13623 9.03095
11.8 410.934 1.14648 9.0339
11.9 410.915 1.15681 9.04079
12 410.891 1.16721 9.05148
12.1 410.864 1.17769 9.06579
12.2 410.834 1.18823 9.08357
12.3 410.8 1.19884 9.10469
12.4 410.762 1.20951 9.12899
12.5 410.722 1.22023 9.15634
12.6 410.679 1.23101 9.18662
12.7 410.632 1.24184 9.21969
12.8 410.583 1.25272 9.25544
12.9 410.532 1.26365 9.29376
13 410.478 1.27462 9.33453
13.1 410.421 1.28562 9.37765
13.2 410.363 1.29666 9.42302
13.3 410.302 1.30773 9.47053
13.4 410.239 1.31883 9.5201
13.5 410.174 1.32996 9.57163
13.6 410.107 1.34111 9.62503
13.7 410.038 1.35228 9.68022
13.8 409.967 1.36346 9.73712
13.9 409.895 1.37466 9.79565
14 409.822 1.38587 9.85573
14.1 409.746 1.39708 9.91729
14.2 409.67 1.4083 9.98026
14.3 409.592 1.41953 10.0446
14.4 409.513 1.43075 10.1102
14.5 409.432 1.44196 10.1769
14.6 409.351 1.45317 10.2449
14.7 409.268 1.46436 10.3139
14.8 409.185 1.47555 10.384
14.9 409.1 1.48671 10.455
15 409.015 1.49786 10.5269
15.1 408.928 1.50899 10.5997
15.2 408.841 1.52009 10.6733
15.3 408.753 1.53116 10.7477
15.4 408.665 1.54221 10.8228
15.5 408.576 1.55322 10.8985
15.6 408.486 1.56419 10.9749
15.7 408.396 1.57513 11.0518
15.8 408.305 1.58603 11.1293
15.9 408.214 1.59688 11.2072
16 408.123 1.60769 11.2856
16.1 408.031 1.61845 11.3644
16.2 407.939 1.62916 11.4436
16.3 407.846 1.63982 11.5231
16.4 407.753 1.65042 11.6028
16.5 407.661 1.66096 11.6829
16.6 407.568 1.67145 11.7631
16.7 407.475 1.68187 11.8435
16.8 407.381 1.69223 11.9241
16.9 407.288 1.70252 12.0048
17 407.195 1.71275 12.0856
17.1 407.102 1.7229 12.1664
17.2 407.009 1.73298 12.2472
17.3 406.916 1.74299 12.3281
17.4 406.823 1.75293 12.4088
17.5 406.73 1.76278 12.4896
17.6 406.638 1.77256 12.5702
17.7 406.546 1.78225 12.6507
17.8 406.454 1.79187 12.7311
17.9 406.362 1.80139 12.8113
18 406.27 1.81084 12.8913
18.1 406.179 1.82019 12.971
18.2 406.088 1.82946 13.0506
18.3 405.998 1.83864 13.1298
18.4 405.908 1.84773 13.2088
18.5 405.818 1.85672 13.2874
18.6 405.729 1.86562 13.3658
18.7 405.641 1.87443 13.4437
18.8 405.553 1.88314 13.5213
18.9 405.465 1.89176 13.5985
19 405.378 1.90028 13.6753
19.1 405.291 1.9087 13.7516
19.2 405.205 1.91702 13.8275
19.3 405.12 1.92524 13.903
19.4 405.035 1.93337 13.9779
19.5 404.951 1.94139 14.0524
19.6 404.867 1.94931 14.1263
19.7 404.784 1.95712 14.1997
19.8 404.702 1.96484 14.2726
19.9 404.621 1.97245 14.3449
20 404.54 1.97996 14.4166
20.1 404.46 1.98737 14.4878
20.2 404.38 1.99467 14.5583
20.3 404.301 2.00187 14.6283
20.4 404.224 2.00897 14.6976
20.5 404.146 2.01596 14.7663
20.6 404.07 2.02285 14.8344
20.7 403.994 2.02963 14.9018
20.8 403.919 2.03631 14.9686
20.9 403.845 2.04289 15.0347
21 403.772 2.04936 15.1001
21.1 403.7 2.05573 15.1648
21.2 403.628 2.062 15.2289
21.3 403.557 2.06816 15.2922
21.4 403.487 2.07422 15.3549
21.5 403.418 2.08018 15.4168
21.6 403.35 2.08604 15.4781
21.7 403.282 2.0918 15.5386
21.8 403.215 2.09746 15.5984
21.9 403.15 2.10301 15.6574
22 403.085 2.10847 15.7158
22.1 403.021 2.11383 15.7734
22.2 402.957 2.11909 15.8302
22.3 402.895 2.12425 15.8863
22.4 402.833 2.12932 15.9417
22.5 402.773 2.13429 15.9964
22.6 402.713 2.13917 16.0503
22.7 402.654 2.14395 16.1034
22.8 402.596 2.14864 16.1558
22.9 402.539 2.15324 16.2075
23 402.482 2.15774 16.2584
23.1 402.427 2.16215 16.3086
23.2 402.372 2.16648 16.358
23.3 402.318 2.17071 16.4067
23.4 402.265 2.17486 16.4547
23.5 402.213 2.17892 16.5019
23.6 402.162 2.18289 16.5483
23.7 402.111 2.18678 16.5941
23.8 402.062 2.19058 16.6391
23.9 402.013 2.1943 16.6834
24 401.965 2.19794 16.7269
24.1 401.918 2.2015 16.7698
24.2 401.871 2.20498 16.8119
24.3 401.826 2.20838 16.8533
24.4 401.781 2.2117 16.894
24.5 401.737 2.21495 16.9339
24.6 401.694 2.21812 16.9732
24.7 401.652 2.22122 17.0118
24.8 401.61 2.22424 17.0497
24.9 401.569 2.22719 17.0869
25 401.529 2.23007 17.1234
25.1 401.49 2.23288 17.1593
25.2 401.452 2.23562 17.1945
25.3 401.414 2.2383 17.229
25.4 401.377 2.2409 17.2629
25.5 401.34 2.24345 17.2961
25.6 401.305 2.24593 17.3287
25.7 401.27 2.24834 17.3606
25.8 401.236 2.25069 17.3919
25.9 401.202 2.25298 17.4226
26 401.17 2.25522 17.4527
26.1 401.138 2.25739 17.4821
26.2 401.106 2.25951 17.511
26.3 401.075 2.26157 17.5392
26.4 401.045 2.26357 17.5669
26.5 401.016 2.26552 17.594
26.6 400.987 2.26742 17.6205
26.7 400.959 2.26926 17.6464
26.8 400.931 2.27105 17.6718
26.9 400.904 2.2728 17.6966
27 400.878 2.27449 17.7209
27.1 400.852 2.27614 17.7447
27.2 400.827 2.27773 17.7679
27.3 400.803 2.27929 17.7906
27.4 400.778 2.28079 17.8128
27.5 400.755 2.28226 17.8345
27.6 400.732 2.28368 17.8556
27.7 400.71 2.28505 17.8763
27.8 400.688 2.28639 17.8965
27.9 400.667 2.28769 17.9163
28 400.646 2.28894 17.9355
28.1 400.626 2.29016 17.9543
28.2 400.606 2.29134 17.9727
28.3 400.587 2.29249 17.9906
28.4 400.568 2.29359 18.008
28.5 400.549 2.29467 18.0251
28.6 400.531 2.2957 18.0417
28.7 400.514 2.29671 18.0579
28.8 400.497 2.29768 18.0737
28.9 400.481 2.29862 18.0891
29 400.464 2.29953 18.1041
29.1 400.449 2.30041 18.1187
29.2 400.434 2.30127 18.1329
29.3 400.419 2.30209 18.1468
29.4 400.404 2.30288 18.1603
29.5 400.39 2.30365 18.1734
29.6 400.376 2.30439 18.1862
29.7 400.363 2.3051 18.1986
29.8 400.35 2.30579 18.2107
29.9 400.338 2.30646 18.2225
30 400.325 2.3071 18.234
30.1 400.313 2.30772 18.2451
30.2 400.302 2.30832 18.256
30.3 400.291 2.30889 18.2665
30.4 400.28 2.30944 18.2767
30.5 400.269 2.30997 18.2867
30.6 400.259 2.31049 18.2963
30.7 400.249 2.31098 18.3057
30.8 400.239 2.31145 18.3148
30.9 400.23 2.31191 18.3236
31 400.221 2.31235 18.3322
31.1 400.212 2.31277 18.3406
31.2 400.203 2.31317 18.3486
31.3 400.195 2.31356 18.3565
31.4 400.187 2.31393 18.3641
31.5 400.179 2.31429 18.3714
31.6 400.172 2.31463 18.3786
31.7 400.164 2.31496 18.3855
31.8 400.157 2.31527 18.3922
31.9 400.15 2.31557 18.3987
32 400.144 2.31586 18.405
32.1 400.137 2.31613 18.4111
32.2 400.131 2.31639 18.417
32.3 400.125 2.31664 18.4227
32.4 400.119 2.31688 18.4282
32.5 400.114 2.31711 18.4336
32.6 400.108 2.31733 18.4387
32.7 400.103 2.31753 18.4437
32.8 400.098 2.31773 18.4486
32.9 400.093 2.31792 18.4532
33 400.088 2.3181 18.4577
33.1 400.084 2.31826 18.4621
33.2 400.079 2.31842 18.4663
33.3 400.075 2.31858 18.4703
33.4 400.071 2.31872 18.4742
33.5 400.067 2.31885 18.478
33.6 400.063 2.31898 18.4817
33.7 400.06 2.3191 18.4852
33.8 400.056 2.31922 18.4886
33.9 400.053 2.31932 18.4918
34 400.049 2.31943 18.495
34.1 400.046 2.31952 18.498
34.2 400.043 2.31961 18.5009
34.3 400.04 2.31969 18.5037
34.4 400.038 2.31977 18.5064
34.5 400.035 2.31984 18.509
34.6 400.032 2.31991 18.5115
34.7 400.03 2.31997 18.5138
34.8 400.028 2.32003 18.5161
34.9 400.025 2.32008 18.5183
35 400.023 2.32013 18.5205
35.1 400.021 2.32017 18.5225
35.2 400.019 2.32021 18.5244
35.3 400.017 2.32025 18.5263
35.4 400.015 2.32028 18.5281
35.5 400.014 2.32031 18.5298
35.6 400.012 2.32033 18.5314
35.7 400.01 2.32036 18.533
35.8 400.009 2.32038 18.5345
35.9 400.007 2.32039 18.5359
36 400.006 2.32041 18.5373
36.1 400.005 2.32042 18.5386
36.2 400.003 2.32043 18.5398
36.3 400.002 2.32043 18.541
36.4 400.001 2.32044 18.5421
36.5 400 2.32044 18.5432
36.6 399.999 2.32044 18.5442
36.7 399.998 2.32044 18.5452
36.8 399.997 2.32043 18.5461
36.9 399.996 2.32043 18.5469
37 399.995 2.32042 18.5478
37.1 399.995 2.32041 18.5486
37.2 399.994 2.3204 18.5493
37.3 399.993 2.32039 18.55
37.4 399.993 2.32038 18.5506
37.5 399.992 2.32036 18.5513
37.6 399.991 2.32035 18.5518
37.7 399.991 2.32033 18.5524
37.8 399.99 2.32032 18.5529
37.9 399.99 2.3203 18.5534
38 399.99 2.32028 18.5538
38.1 399.989 2.32026 18.5543
38.2 399.989 2.32024 18.5546
38.3 399.988 2.32022 18.555
38.4 399.988 2.32019 18.5553
38.5 399.988 2.32017 18.5557
38.6 399.988 2.32015 18.5559
38.7 399.987 2.32012 18.5562
38.8 399.987 2.3201 18.5564
38.9 399.987 2.32007 18.5567
39 399.987 2.32005 18.5569
39.1 399.987 2.32002 18.557
39.2 399.987 2.32 18.5572
39.3 399.986 2.31997 18.5573
39.4 399.986 2.31995 18.5575
39.5 399.986 2.31992 18.5576
39.6 399.986 2.31989 18.5576
39.7 399.986 2.31987 18.5577
39.8 399.986 2.31984 18.5578
39.9 399.986 2.31981 18.5578
40 399.986 2.31979 18.5579
40.1 399.986 2.31976 18.5579
40.2 399.986 2.31973 18.5579
40.3 399.986 2.31971 18.5579
40.4 399.986 2.31968 18.5579
40.5 399.986 2.31966 18.5579
40.6 399.986 2.31963 18.5578
40.7 399.986 2.3196 18.5578
40.8 399.986 2.31958 18.5577
40.9 399.987 2.31955 18.5577
41 399.987 2.31953 18.5576
41.1 399.987 2.3195 18.5576
41.2 399.987 2.31947 18.5575
41.3 399.987 2.31945 18.5574
41.4 399.987 2.31942 18.5573
41.5 399.987 2.3194 18.5572
41.6 399.987 2.31938 18.5571
41.7 399.987 2.31935 18.557
41.8 399.988 2.31933 18.5569
41.9 399.988 2.3193 18.5568
42 399.988 2.31928 18.5567
42.1 399.988 2.31926 18.5565
42.2 399.988 2.31923 18.5564
42.3 399.988 2.31921 18.5563
42.4 399.989 2.31919 18.5562
42.5 399.989 2.31917 18.556
42.6 399.989 2.31915 18.5559
42.7 399.989 2.31912 18.5558
42.8 399.989 2.3191 18.5556
42.9 399.989 2.31908 18.5555
43 399.989 2.31906 18.5553
43.1 399.99 2.31904 18.5552
43.2 399.99 2.31902 18.5551
43.3 399.99 2.319 18.5549
43.4 399.99 2.31898 18.5548
43.5 399.99 2.31897 18.5546
43.6 399.99 2.31895 18.5545
43.7 399.991 2.31893 18.5543
43.8 399.991 2.31891 18.5542
43.9 399.991 2.31889 18.554
44 399.991 2.31888 18.5539
44.1 399.991 2.31886 18.5538
44.2 399.991 2.31884 18.5536
44.3 399.992 2.31883 18.5535
44.4 399.992 2.31881 18.5533
44.5 399.992 2.31879 18.5532
44.6 399.992 2.31878 18.553
44.7 399.992 2.31876 18.5529
44.8 399.992 2.31875 18.5528
44.9 399.993 2.31873 18.5526
45 399.993 2.31872 18.5525
45.1 399.993 2.31871 18.5523
45.2 399.993 2.31869 18.5522
45.3 399.993 2.31868 18.5521
45.4 399.993 2.31867 18.5519
45.5 399.994 2.31865 18.5518
45.6 399.994 2.31864 18.5517
45.7 399.994 2.31863 18.5516
45.8 399.994 2.31862 18.5514
45.9 399.994 2.31861 18.5513
46 399.994 2.3186 18.5512
46.1 399.994 2.31858 18.5511
46.2 399.994 2.31857 18.5509
46.3 399.995 2.31856 18.5508
46.4 399.995 2.31855 18.5507
46.5 399.995 2.31854 18.5506
46.6 399.995 2.31853 18.5505
46.7 399.995 2.31852 18.5504
46.8 399.995 2.31851 18.5503
46.9 399.995 2.3185 18.5502
47 399.995 2.3185 18.5501
47.1 399.996 2.31849 18.5499
47.2 399.996 2.31848 18.5498
47.3 399.996 2.31847 18.5497
47.4 399.996 2.31846 18.5496
47.5 399.996 2.31845 18.5495
47.6 399.996 2.31845 18.5495
47.7 399.996 2.31844 18.5494
47.8 399.996 2.31843 18.5493
47.9 399.996 2.31843 18.5492
48 399.997 2.31842 18.5491
48.1 399.997 2.31841 18.549
48.2 399.997 2.31841 18.5489
48.3 399.997 2.3184 18.5488
48.4 399.997 2.31839 18.5487
48.5 399.997 2.31839 18.5487
48.6 399.997 2.31838 18.5486
48.7 399.997 2.31838 18.5485
48.8 399.997 2.31837 18.5484
48.9 399.997 2.31836 18.5484
49 399.997 2.31836 18.5483
49.1 399.997 2.31835 18.5482
49.2 399.998 2.31835 18.5482
49.3 399.998 2.31835 18.5481
49.4 399.998 2.31834 18.548
49.5 399.998 2.31834 18.548
49.6 399.998 2.31833 18.5479
49.7 399.998 2.31833 18.5478
49.8 399.998 2.31832 18.5478
49.9 399.998 2.31832 18.5477
50 399.998 2.31832 18.5477
50.1 399.998 2.31831 18.5476
50.2 399.998 2.31831 18.5475
50.3 399.998 2.31831 18.5475
50.4 399.998 2.3183 18.5474
50.5 399.998 2.3183 18.5474
50.6 399.998 2.3183 18.5473
50.7 399.998 2.31829 18.5473
50.8 399.999 2.31829 18.5472
50.9 399.999 2.31829 18.5472
51 399.999 2.31828 18.5471
51.1 399.999 2.31828 18.5471
51.2 399.999 2.31828 18.5471
51.3 399.999 2.31828 18.547
51.4 399.999 2.31827 18.547
51.5 399.999 2.31827 18.5469
51.6 399.999 2.31827 18.5469
51.7 399.999 2.31827 18.5469
51.8 399.999 2.31827 18.5468
51.9 399.999 2.31826 18.5468
52 399.999 2.31826 18.5468
52.1 399.999 2.31826 18.5467
52.2 399.999 2.31826 18.5467
52.3 399.999 2.31826 18.5467
52.4 399.999 2.31825 18.5466
52.5 399.999 2.31825 18.5466
52.6 399.999 2.31825 18.5466
52.7 399.999 2.31825 18.5465
52.8 399.999 2.31825 18.5465
52.9 399.999 2.31825 18.5465
53 399.999 2.31825 18.5465
53.1 399.999 2.31825 18.5464
53.2 399.999 2.31824 18.5464
53.3 399.999 2.31824 18.5464
53.4 399.999 2.31824 18.5464
53.5 399.999 2.31824 18.5463
53.6 399.999 2.31824 18.5463
53.7 400 2.31824 18.5463
53.8 400 2.31824 18.5463
53.9 400 2.31824 18.5463
54 400 2.31824 18.5462
54.1 400 2.31824 18.5462
54.2 400 2.31823 18.5462
54.3 400 2.31823 18.5462
54.4 400 2.31823 18.5462
54.5 400 2.31823 18.5462
54.6 400 2.31823 18.5461
54.7 400 2.31823 18.5461
54.8 400 2.31823 18.5461
54.9 400 2.31823 18.5461
55 400 2.31823 18.5461
55.1 400 2.31823 18.5461
55.2 400 2.31823 18.5461
55.3 400 2.31823 18.5461
55.4 400 2.31823 18.546
55.5 400 2.31823 18.546
55.6 400 2.31823 18.546
55.7 400 2.31823 18.546
55.8 400 2.31823 18.546
55.9 400 2.31823 18.546
56 400 2.31823 18.546
56.1 400 2.31823 18.546
56.2 400 2.31823 18.546
56.3 400 2.31822 18.546
56.4 400 2.31822 18.5459
56.5 400 2.31822 18.5459
56.6 400 2.31822 18.5459
56.7 400 2.31822 18.5459
56.8 400 2.31822 18.5459
56.9 400 2.31822 18.5459
57 400 2.31822 18.5459
57.1 400 2.31822 18.5459
57.2 400 2.31822 18.5459
57.3 400 2.31822 18.5459
57.4 400 2.31822 18.5459
57.5 400 2.31822 18.5459
57.6 400 2.31822 18.5459
57.7 400 2.31822 18.5459
57.8 400 2.31822 18.5459
57.9 400 2.31822 18.5459
58 400 2.31822 18.5459
58.1 400 2.31822 18.5459
58.2 400 2.31822 18.5459
58.3 400 2.31822 18.5458
58.4 400 2.31822 18.5458
58.5 400 2.31822 18.5458
58.6 400 2.31822 18.5458
58.7 400 2.31822 18.5458
58.8 400 2.31822 18.5458
58.9 400 2.31822 18.5458
59 400 2.31822 18.5458
59.1 400 2.31822 18.5458
59.2 400 2.31822 18.5458
59.3 400 2.31822 18.5458
59.4 400 2.31822 18.5458
59.5 400 2.31822 18.5458
59.6 400 2.31822 18.5458
59.7 400 2.31822 18.5458
59.8 400 2.31822 18.5458
59.9 400 2.31822 18.5458
60 400 2.31822 18.5458
60.1 400 2.31822 18.5458
60.2 400 2.31822 18.5458
60.3 400 2.31822 18.5458
60.4 400 2.31822 18.5458
60.5 400 2.31822 18.5458
60.6 400 2.31822 18.5458
60.7 400 2.31822 18.5458
60.8 400 2.31822 18.5458
60.9 400 2.31822 18.5458
61 400 2.31822 18.5458
61.1 400 2.31822 18.5458
61.2 400 2.31822 18.5458
61.3 400 2.31822 18.5458
61.4 400 2.31822 18.5458
61.5 400 2.31822 18.5458
61.6 400 2.31822 18.5458
61.7 400 2.31822 18.5458
61.8 400 2.31822 18.5458
61.9 400 2.31822 18.5458
62 400 2.31822 18.5458
62.1 400 2.31823 18.5458
62.2 400 2.31823 18.5458
62.3 400 2.31823 18.5458
62.4 400 2.31823 18.5458
62.5 400 2.31823 18.5458
62.6 400 2.31823 18.5458
62.7 400 2.31823 18.5458
62.8 400 2.31823 18.5458
62.9 400 2.31823 18.5458
63 400 2.31823 18.5458
63.1 400 2.31823 18.5458
63.2 400 2.31823 18.5458
63.3 400 2.31823 18.5458
63.4 400 2.31823 18.5458
63.5 400 2.31823 18.5458
63.6 400 2.31823 18.5458
63.7 400 2.31823 18.5458
63.8 400 2.31823 18.5458
63.9 400 2.31823 18.5458
64 400 2.31823 18.5458
64.1 400 2.31823 18.5458
64.2 400 2.31823 18.5458
64.3 400 2.31823 18.5458
64.4 400 2.31823 18.5458
64.5 400 2.31823 18.5458
64.6 400 2.31823 18.5458
64.7 400 2.31823 18.5458
64.8 400 2.31823 18.5458
64.9 400 2.31823 18.5458
65 400 2.31823 18.5458
65.1 400 2.31823 18.5458
65.2 400 2.31823 18.5458
65.3 400 2.31823 18.5458
65.4 400 2.31823 18.5458
65.5 400 2.31823 18.5458
65.6 400 2.31823 18.5458
65.7 400 2.31823 18.5458
65.8 400 2.31823 18.5458
65.9 400 2.31823 18.5458
66 400 2.31823 18.5458
66.1 400 2.31823 18.5458
66.2 400 2.31823 18.5458
66.3 400 2.31823 18.5458
66.4 400 2.31823 18.5458
66.5 400 2.31823 18.5458
66.6 400 2.31823 18.5458
66.7 400 2.31823 18.5458
66.8 400 2.31823 18.5458
66.9 400 2.31823 18.5458
67 400 2.31823 18.5458
67.1 400 2.31823 18.5458
67.2 400 2.31823 18.5458
67.3 400 2.31823 18.5458
67.4 400 2.31823 18.5458
67.5 400 2.31823 18.5458
67.6 400 2.31823 18.5458
67.7 400 2.31823 18.5458
67.8 400 2.31823 18.5458
67.9 400 2.31823 18.5458
68 400 2.31823 18.5458
68.1 400 2.31823 18.5458
68.2 400 2.31823 18.5458
68.3 400 2.31823 18.5458
68.4 400 2.31823 18.5458
68.5 400 2.31823 18.5458
68.6 400 2.31823 18.5458
68.7 400 2.31823 18.5458
68.8 400 2.31823 18.5458
68.9 400 2.31823 18.5458
69 400 2.31823 18.5458
69.1 400 2.31823 18.5458
69.2 400 2.31823 18.5458
69.3 400 2.31823 18.5458
69.4 400 2.31823 18.5458
69.5 400 2.31823 18.5458
69.6 400 2.31823 18.5458
69.7 400 2.31823 18.5458
69.8 400 2.31823 18.5458
69.9 400 2.31823 18.5458
70 400 2.31823 18.5458
70.1 400 2.31823 18.5458
70.2 400 2.31823 18.5458
70.3 400 2.31823 18.5458
70.4 400 2.31823 18.5458
70.5 400 2.31823 18.5458
70.6 400 2.31823 18.5458
70.7 400 2.31823 18.5458
70.8 400 2.31823 18.5458
70.9 400 2.31823 18.5458
71 400 2.31823 18.5458
71.1 400 2.31823 18.5458
71.2 400 2.31823 18.5458
71.3 400 2.31823 18.5458
71.4 400 2.31823 18.5458
71.5 400 2.31823 18.5458
71.6 400 2.31823 18.5458
71.7 400 2.31823 18.5458
71.8 400 2.31823 18.5458
71.9 400 2.31823 18.5458
72 400 2.31823 18.5458
72.1 400 2.31823 18.5458
72.2 400 2.31823 18.5458
72.3 400 2.31823 18.5458
72.4 400 2.31823 18.5458
72.5 400 2.31823 18.5458
72.6 400 2.31823 18.5458
72.7 400 2.31823 18.5458
72.8 400 2.31823 18.5458
72.9 400 2.31823 18.5458
73 400 2.31823 18.5458
73.1 400 2.31823 18.5458
73.2 400 2.31823 18.5458
73.3 400 2.31823 18.5458
73.4 400 2.31823 18.5458
73.5 400 2.31823 18.5458
73.6 400 2.31823 18.5458
73.7 400 2.31823 18.5458
73.8 400 2.31823 18.5458
73.9 400 2.31823 18.5458
74 400 2.31823 18.5458
74.1 400 2.31823 18.5458
74.2 400 2.31823 18.5458
74.3 400 2.31823 18.5458
74.4 400 2.31823 18.5458
74.5 400 2.31823 18.5458
74.6 400 2.31823 18.5458
74.7 400 2.31823 18.5458
74.8 400 2.31823 18.5458
74.9 400 2.31823 18.5458
75 400 2.31823 18.5458
75.1 400 2.31823 18.5458
75.2 400 2.31823 18.5458
75.3 400 2.31823 18.5458
75.4 400 2.31823 18.5458
75.5 400 2.31823 18.5458
75.6 400 2.31823 18.5458
75.7 400 2.31823 18.5458
75.8 400 2.31823 18.5458
75.9 400 2.31823 18.5458
76 400 2.31823 18.5458
76.1 400 2.31823 18.5458
76.2 400 2.31823 18.5458
76.3 400 2.31823 18.5458
76.4 400 2.31823 18.5458
76.5 400 2.31823 18.5458
76.6 400 2.31823 18.5458
76.7 400 2.31823 18.5458
76.8 400 2.31823 18.5458
76.9 400 2.31823 18.5458
77 400 2.31823 18.5458
77.1 400 2.31823 18.5458
77.2 400 2.31823 18.5458
77.3 400 2.31823 18.5458
77.4 400 2.31823 18.5458
77.5 400 2.31823 18.5458
77.6 400 2.31823 18.5458
77.7 400 2.31823 18.5458
77.8 400 2.31823 18.5458
77.9 400 2.31823 18.5458
78 400 2.31823 18.5458
78.1 400 2.31823 18.5458
78.2 400 2.31823 18.5458
78.3 400 2.31823 18.5458
78.4 400 2.31823 18.5458
78.5 400 2.31823 18.5458
78.6 400 2.31823 18.5458
78.7 400 2.31823 18.5458
78.8 400 2.31823 18.5458
78.9 400 2.31823 18.5458
79 400 2.31823 18.5458
79.1 400 2.31823 18.5458
79.2 400 2.31823 18.5458
79.3 400 2.31823 18.5458
79.4 400 2.31823 18.5458
79.5 400 2.31823 18.5458
79.6 400 2.31823 18.5458
79.7 400 2.31823 18.5458
79.8 400 2.31823 18.5458
79.9 400 2.31823 18.5458
80 400 2.31823 18.5458
80.1 400 2.31823 18.5458
80.2 400 2.31823 18.5458
80.3 400 2.31823 18.5458
80.4 400 2.31823 18.5458
80.5 400 2.31823 18.5458
80.6 400 2.31823 18.5458
80.7 400 2.31823 18.5458
80.8 400 2.31823 18.5458
80.9 400 2.31823 18.5458
81 400 2.31823 18.5458
81.1 400 2.31823 18.5458
81.2 400 2.31823 18.5458
81.3 400 2.31823 18.5458
81.4 400 2.31823 18.5458
81.5 400 2.31823 18.5458
81.6 400 2.31823 18.5458
81.7 400 2.31823 18.5458
81.8 400 2.31823 18.5458
81.9 400 2.31823 18.5458
82 400 2.31823 18.5458
82.1 400 2.31823 18.5458
82.2 400 2.31823 18.5458
82.3 400 2.31823 18.5458
82.4 400 2.31823 18.5458
82.5 400 2.31823 18.5458
82.6 400 2.31823 18.5458
82.7 400 2.31823 18.5458
82.8 400 2.31823 18.5458
82.9 400 2.31823 18.5458
83 400 2.31823 18.5458
83.1 400 2.31823 18.5458
83.2 400 2.31823 18.5458
83.3 400 2.31823 18.5458
83.4 400 2.31823 18.5458
83.5 400 2.31823 18.5458
83.6 400 2.31823 18.5458
83.7 400 2.31823 18.5458
83.8 400 2.31823 18.5458
83.9 400 2.31823 18.5458
84 400 2.31823 18.5458
84.1 400 2.31823 18.5458
84.2 400 2.31823 18.5458
84.3 400 2.31823 18.5458
84.4 400 2.31823 18.5458
84.5 400 2.31823 18.5458
84.6 400 2.31823 18.5458
84.7 400 2.31823 18.5458
84.8 400 2.31823 18.5458
84.9 400 2.31823 18.5458
85 400 2.31823 18.5458
85.1 400 2.31823 18.5458
85.2 400 2.31823 18.5458
85.3 400 2.31823 18.5458
85.4 400 2.31823 18.5458
85.5 400 2.31823 18.5458
85.6 400 2.31823 18.5458
85.7 400 2.31823 18.5458
85.8 400 2.31823 18.5458
85.9 400 2.31823 18.5458
86 400 2.31823 18.5458
86.1 400 2.31823 18.5458
86.2 400 2.31823 18.5458
86.3 400 2.31823 18.5458
86.4 400 2.31823 18.5458
86.5 400 2.31823 18.5458
86.6 400 2.31823 18.5458
86.7 400 2.31823 18.5458
86.8 400 2.31823 18.5458
86.9 400 2.31823 18.5458
87 400 2.31823 18.5458
87.1 400 2.31823 18.5458
87.2 400 2.31823 18.5458
87.3 400 2.31823 18.5458
87.4 400 2.31823 18.5458
87.5 400 2.31823 18.5458
87.6 400 2.31823 18.5458
87.7 400 2.31823 18.5458
87.8 400 2.31823 18.5458
87.9 400 2.31823 18.5458
88 400 2.31823 18.5458
88.1 400 2.31823 18.5458
88.2 400 2.31823 18.5458
88.3 400 2.31823 18.5458
88.4 400 2.31823 18.5458
88.5 400 2.31823 18.5458
88.6 400 2.31823 18.5458
88.7 400 2.31823 18.5458
88.8 400 2.31823 18.5458
88.9 400 2.31823 18.5458
89 400 2.31823 18.5458
89.1 400 2.31823 18.5458
89.2 400 2.31823 18.5458
89.3 400 2.31823 18.5458
89.4 400 2.31823 18.5458
89.5 400 2.31823 18.5458
89.6 400 2.31823 18.5458
89.7 400 2.31823 18.5458
89.8 400 2.31823 18.5458
89.9 400 2.31823 18.5458
90 400 2.31823 18.5458
90.1 400 2.31823 18.5458
90.2 400 2.31823 18.5458
90.3 400 2.31823 18.5458
90.4 400 2.31823 18.5458
90.5 400 2.31823 18.5458
90.6 400 2.31823 18.5458
90.7 400 2.31823 18.5458
90.8 400 2.31823 18.5458
90.9 400 2.31823 18.5458
91 400 2.31823 18.5458
91.1 400 2.31823 18.5458
91.2 400 2.31823 18.5458
91.3 400 2.31823 18.5458
91.4 400 2.31823 18.5458
91.5 400 2.31823 18.5458
91.6 400 2.31823 18.5458
91.7 400 2.31823 18.5458
91.8 400 2.31823 18.5458
91.9 400 2.31823 18.5458
92 400 2.31823 18.5458
92.1 400 2.31823 18.5458
92.2 400 2.31823 18.5458
92.3 400 2.31823 18.5458
92.4 400 2.31823 18.5458
92.5 400 2.31823 18.5458
92.6 400 2.31823 18.5458
92.7 400 2.31823 18.5458
92.8 400 2.31823 18.5458
92.9 400 2.31823 18.5458
93 400 2.31823 18.5458
93.1 400 2.31823 18.5458
93.2 400 2.31823 18.5458
93.3 400 2.31823 18.5458
93.4 400 2.31823 18.5458
93.5 400 2.31823 18.5458
93.6 400 2.31823 18.5458
93.7 400 2.31823 18.5458
93.8 400 2.31823 18.5458
93.9 400 2.31823 18.5458
94 400 2.31823 18.5458
94.1 400 2.31823 18.5458
94.2 400 2.31823 18.5458
94.3 400 2.31823 18.5458
94.4 400 2.31823 18.5458
94.5 400 2.31823 18.5458
94.6 400 2.31823 18.5458
94.7 400 2.31823 18.5458
94.8 400 2.31823 18.5458
94.9 400 2.31823 18.5458
95 400 2.31823 18.5458
95.1 400 2.31823 18.5458
95.2 400 2.31823 18.5458
95.3 400 2.31823 18.5458
95.4 400 2.31823 18.5458
95.5 400 2.31823 18.5458
95.6 400 2.31823 18.5458
95.7 400 2.31823 18.5458
95.8 400 2.31823 18.5458
95.9 400 2.31823 18.5458
96 400 2.31823 18.5458
96.1 400 2.31823 18.5458
96.2 400 2.31823 18.5458
96.3 400 2.31823 18.5458
96.4 400 2.31823 18.5458
96.5 400 2.31823 18.5458
96.6 400 2.31823 18.5458
96.7 400 2.31823 18.5458
96.8 400 2.31823 18.5458
96.9 400 2.31823 18.5458
97 400 2.31823 18.5458
97.1 400 2.31823 18.5458
97.2 400 2.31823 18.5458
97.3 400 2.31823 18.5458
97.4 400 2.31823 18.5458
97.5 400 2.31823 18.5458
97.6 400 2.31823 18.5458
97.7 400 2.31823 18.5458
97.8 400 2.31823 18.5458
97.9 400 2.31823 18.5458
98 400 2.31823 18.5458
98.1 400 2.31823 18.5458
98.2 400 2.31823 18.5458
98.3 400 2.31823 18.5458
98.4 400 2.31823 18.5458
98.5 400 2.31823 18.5458
98.6 400 2.31823 18.5458
98.7 400 2.31823 18.5458
98.8 400 2.31823 18.5458
98.9 400 2.31823 18.5458
99 400 2.31823 18.5458
99.1 400 2.31823 18.5458
99.2 400 2.31823 18.5458
99.3 400 2.31823 18.5458
99.4 400 2.31823 18.5458
99.5 400 2.31823 18.5458
99.6 400 2.31823 18.5458
99.7 400 2.31823 18.5458
99.8 400 2.31823 18.5458
99.9 400 2.31823 18.5458
100 400 2.31823 18.5458
-----------------------------------------
