A
t S I R
0 300 100 0
0.0025 299 100 1
0.005 298 101 1
0.0075 297 101 2
0.01 297 101 2
0.0125 296 102 2
0.015 295 103 2
0.0175 295 103 2
0.02 294 104 2
0.0225 294 104 2
0.025 293 105 2
0.0275 292 106 2
0.03 291 106 3
0.0325 290 106 4
0.035 289 107 4
0.0375 288 108 4
0.04 287 109 4
0.0425 287 108 5
0.045 286 109 5
0.0475 286 109 5
0.05 285 109 6
0.0525 284 110 6
0.055 283 111 6
0.0575 282 112 6
0.06 281 113 6
0.0625 280 114 6
0.065 279 115 6
0.0675 278 115 7
0.07 277 115 8
0.0725 276 116 8
0.075 275 117 8
0.0775 274 117 9
0.08 273 118 9
0.0825 272 119 9
0.085 271 119 10
0.0875 271 119 10
0.09 270 120 10
0.0925 269 121 10
0.095 268 122 10
0.0975 268 122 10
0.1 267 123 10
0.1025 266 123 11
0.105 265 124 11
0.1075 264 125 11
0.11 263 126 11
0.1125 262 126 12
0.115 261 126 13
0.1175 260 126 14
0.12 259 126 15
0.1225 258 126 16
0.125 258 125 17
0.1275 257 126 17
0.13 256 126 18
0.1325 255 126 19
0.135 254 127 19
0.1375 254 127 19
0.14 253 127 20
0.1425 252 128 20
0.145 251 129 20
0.1475 250 130 20
0.15 249 130 21
0.1525 248 130 22
0.155 248 130 22
0.1575 248 130 22
0.16 247 131 22
0.1625 246 132 22
0.165 245 133 22
0.1675 244 134 22
0.17 243 135 22
0.1725 242 136 22
0.175 241 136 23
0.1775 240 137 23
0.18 239 138 23
0.1825 238 139 23
0.185 237 140 23
0.1875 237 140 23
0.19 236 140 24
0.1925 235 141 24
0.195 234 141 25
0.1975 233 142 25
0.2 232 143 25
0.2025 231 143 26
0.205 231 142 27
0.2075 230 142 28
0.21 229 142 29
0.2125 229 141 30
0.215 229 141 30
0.2175 228 142 30
0.22 227 143 30
0.2225 227 142 31
0.225 227 141 32
0.2275 226 142 32
0.23 226 142 32
0.2325 225 142 33
0.235 224 143 33
0.2375 223 144 33
0.24 223 143 34
0.2425 222 144 34
0.245 222 144 34
0.2475 221 145 34
0.25 220 146 34
0.2525 220 146 34
0.255 219 146 35
0.2575 219 146 35
0.26 218 147 35
0.2625 217 148 35
0.265 216 149 35
0.2675 216 149 35
0.27 215 150 35
0.2725 214 150 36
0.275 214 150 36
0.2775 213 150 37
0.28 212 151 37
0.2825 211 151 38
0.285 210 151 39
0.2875 210 150 40
0.29 209 151 40
0.2925 208 152 40
0.295 207 152 41
0.2975 206 153 41
0.3 205 154 41
0.3025 204 155 41
0.305 203 155 42
0.3075 203 155 42
0.31 202 156 42
0.3125 201 157 42
0.315 200 158 42
0.3175 199 158 43
0.32 198 159 43
0.3225 198 159 43
0.325 197 160 43
0.3275 196 161 43
0.33 197 161 42
0.3325 196 162 42
0.335 196 162 42
0.3375 195 162 43
0.34 194 162 44
0.3425 193 163 44
0.345 193 162 45
0.3475 192 163 45
0.35 191 164 45
0.3525 190 165 45
0.355 189 166 45
0.3575 189 167 44
0.36 189 166 45
0.3625 188 166 46
0.365 187 167 46
0.3675 187 167 46
0.37 187 166 47
0.3725 186 167 47
0.375 185 167 48
0.3775 184 168 48
0.38 183 169 48
0.3825 183 168 49
0.385 182 168 50
0.3875 181 168 51
0.39 180 168 52
0.3925 179 169 52
0.395 179 169 52
0.3975 178 170 52
0.4 177 171 52
0.4025 177 172 51
0.405 177 172 51
0.4075 177 172 51
0.41 176 173 51
0.4125 176 174 50
0.415 175 175 50
0.4175 174 175 51
0.42 173 175 52
0.4225 172 176 52
0.425 171 176 53
0.4275 170 177 53
0.43 170 177 53
0.4325 169 177 54
0.435 168 178 54
0.4375 167 178 55
0.44 166 178 56
0.4425 166 178 56
0.445 165 178 57
0.4475 164 178 58
0.45 163 179 58
0.4525 162 180 58
0.455 161 180 59
0.4575 160 181 59
0.46 160 180 60
0.4625 159 181 60
0.465 158 181 61
0.4675 157 181 62
0.47 157 181 62
0.4725 157 182 61
0.475 157 182 61
0.4775 156 183 61
0.48 157 182 61
0.4825 156 183 61
0.485 156 182 62
0.4875 155 183 62
0.49 154 184 62
0.4925 153 185 62
0.495 153 184 63
0.4975 152 185 63
0.5 152 185 63
0.5025 151 185 64
0.505 151 185 64
0.5075 150 186 64
0.51 150 185 65
0.5125 149 185 66
0.515 149 185 66
0.5175 150 184 66
0.52 150 183 67
0.5225 149 184 67
0.525 149 183 68
0.5275 150 183 67
0.53 150 184 66
0.5325 150 184 66
0.535 150 184 66
0.5375 150 184 66
0.54 149 184 67
0.5425 150 183 67
0.545 149 183 68
0.5475 148 183 69
0.55 148 183 69
0.5525 147 184 69
0.555 146 184 70
0.5575 145 185 70
0.56 145 185 70
0.5625 145 185 70
0.565 145 185 70
0.5675 144 186 70
0.57 143 187 70
0.5725 142 188 70
0.575 141 189 70
0.5775 140 189 71
0.58 139 189 72
0.5825 138 190 72
0.585 137 191 72
0.5875 136 192 72
0.59 136 192 72
0.5925 136 191 73
0.595 136 192 72
0.5975 135 193 72
0.6 136 192 72
0.6025 135 193 72
0.605 134 193 73
0.6075 133 194 73
0.61 132 195 73
0.6125 132 195 73
0.615 131 195 74
0.6175 132 195 73
0.62 131 195 74
0.6225 131 195 74
0.625 130 195 75
0.6275 130 195 75
0.63 129 195 76
0.6325 129 194 77
0.635 128 194 78
0.6375 128 194 78
0.64 128 194 78
0.6425 128 194 78
0.645 127 194 79
0.6475 126 195 79
0.65 125 196 79
0.6525 125 196 79
0.655 125 196 79
0.6575 124 197 79
0.66 124 197 79
0.6625 123 198 79
0.665 122 198 80
0.6675 121 198 81
0.67 122 198 80
0.6725 121 198 81
0.675 121 197 82
0.6775 120 198 82
0.68 119 199 82
0.6825 118 199 83
0.685 118 199 83
0.6875 118 199 83
0.69 117 200 83
0.6925 116 200 84
0.695 116 201 83
0.6975 116 202 82
0.7 115 202 83
0.7025 114 202 84
0.705 114 201 85
0.7075 114 200 86
0.71 113 200 87
0.7125 113 201 86
0.715 112 201 87
0.7175 111 201 88
0.72 111 201 88
0.7225 110 202 88
0.725 110 201 89
0.7275 109 202 89
0.73 108 203 89
0.7325 108 202 90
0.735 107 202 91
0.7375 107 201 92
0.74 106 202 92
0.7425 106 202 92
0.745 105 203 92
0.7475 105 202 93
0.75 105 202 93
0.7525 104 202 94
0.755 104 201 95
0.7575 104 200 96
0.76 103 201 96
0.7625 102 201 97
0.765 101 202 97
0.7675 100 203 97
0.77 99 203 98
0.7725 98 203 99
0.775 97 203 100
0.7775 96 204 100
0.78 96 204 100
0.7825 95 204 101
0.785 94 205 101
0.7875 94 204 102
0.79 93 204 103
0.7925 92 204 104
0.795 91 205 104
0.7975 90 206 104
0.8 90 207 103
0.8025 89 208 103
0.805 89 208 103
0.8075 88 209 103
0.81 88 209 103
0.8125 88 208 104
0.815 87 209 104
0.8175 87 209 104
0.82 87 209 104
0.8225 87 208 105
0.825 86 209 105
0.8275 85 209 106
0.83 86 208 106
0.8325 85 208 107
0.835 86 207 107
0.8375 86 207 107
0.84 85 207 108
0.8425 85 206 109
0.845 85 207 108
0.8475 85 207 108
0.85 85 208 107
0.8525 85 207 108
0.855 84 207 109
0.8575 84 207 109
0.86 83 208 109
0.8625 83 208 109
0.865 84 208 108
0.8675 83 208 109
0.87 83 209 108
0.8725 84 208 108
0.875 84 208 108
0.8775 83 208 109
0.88 82 208 110
0.8825 81 208 111
0.885 81 209 110
0.8875 81 208 111
0.89 81 209 110
0.8925 81 208 111
0.895 81 208 111
0.8975 81 208 111
0.9 81 208 111
0.9025 82 207 111
0.905 82 207 111
0.9075 81 208 111
0.91 81 208 111
0.9125 80 208 112
0.915 80 207 113
0.9175 80 207 113
0.92 79 208 113
0.9225 78 209 113
0.925 78 209 113
0.9275 78 209 113
0.93 78 209 113
0.9325 78 208 114
0.935 77 208 115
0.9375 76 208 116
0.94 77 208 115
0.9425 76 209 115
0.945 76 208 116
0.9475 75 209 116
0.95 75 209 116
0.9525 74 209 117
0.955 74 209 117
0.9575 74 209 117
0.96 74 208 118
0.9625 74 208 118
0.965 74 207 119
0.9675 74 207 119
0.97 74 207 119
0.9725 74 207 119
0.975 73 208 119
0.9775 72 209 119
0.98 71 209 120
0.9825 71 209 120
0.985 70 210 120
0.9875 70 210 120
0.99 70 209 121
0.9925 69 209 122
0.995 69 208 123
0.9975 68 208 124
1 68 207 125
1.0025 68 207 125
1.005 67 208 125
1.0075 67 207 126
1.01 67 207 126
1.0125 67 206 127
1.015 67 206 127
1.0175 66 206 128
1.02 66 205 129
1.0225 66 205 129
1.025 65 205 130
1.0275 64 206 130
1.03 64 205 131
1.0325 63 205 132
1.035 63 204 133
1.0375 63 204 133
1.04 63 203 134
1.0425 64 202 134
1.045 63 202 135
1.0475 62 202 136
1.05 63 202 135
1.0525 63 201 136
1.055 64 200 136
1.0575 64 200 136
1.06 64 201 135
1.0625 64 201 135
1.065 65 201 134
1.0675 64 202 134
1.07 64 201 135
1.0725 65 200 135
1.075 64 200 136
1.0775 64 199 137
1.08 64 198 138
1.0825 63 199 138
1.085 63 199 138
1.0875 63 199 138
1.09 63 198 139
1.0925 63 198 139
1.095 63 197 140
1.0975 62 197 141
1.1 61 198 141
1.1025 61 198 141
1.105 61 197 142
1.1075 61 198 141
1.11 61 197 142
1.1125 60 198 142
1.115 60 197 143
1.1175 60 197 143
1.12 60 196 144
1.1225 59 196 145
1.125 59 196 145
1.1275 59 196 145
1.13 58 196 146
1.1325 58 195 147
1.135 58 195 147
1.1375 57 196 147
1.14 57 196 147
1.1425 57 196 147
1.145 57 195 148
1.1475 57 195 148
1.15 57 195 148
1.1525 57 195 148
1.155 56 196 148
1.1575 56 196 148
1.16 56 195 149
1.1625 57 195 148
1.165 57 195 148
1.1675 57 195 148
1.17 57 194 149
1.1725 57 194 149
1.175 56 195 149
1.1775 56 195 149
1.18 56 195 149
1.1825 57 195 148
1.185 57 195 148
1.1875 56 195 149
1.19 56 195 149
1.1925 55 195 150
1.195 55 194 151
1.1975 55 195 150
1.2 55 194 151
1.2025 54 195 151
1.205 55 195 150
1.2075 55 194 151
1.21 54 195 151
1.2125 53 195 152
1.215 53 195 152
1.2175 53 194 153
1.22 52 195 153
1.2225 52 194 154
1.225 52 194 154
1.2275 52 193 155
1.23 52 192 156
1.2325 52 191 157
1.235 52 191 157
1.2375 53 190 157
1.24 53 189 158
1.2425 53 189 158
1.245 53 188 159
1.2475 53 188 159
1.25 53 188 159
1.2525 54 188 158
1.255 55 187 158
1.2575 55 187 158
1.26 55 186 159
1.2625 55 185 160
1.265 56 184 160
1.2675 56 184 160
1.27 56 184 160
1.2725 56 184 160
1.275 56 184 160
1.2775 56 183 161
1.28 55 183 162
1.2825 56 183 161
1.285 56 183 161
1.2875 56 183 161
1.29 56 182 162
1.2925 55 183 162
1.295 55 182 163
1.2975 56 182 162
1.3 56 183 161
1.3025 55 184 161
1.305 55 184 161
1.3075 55 183 162
1.31 55 184 161
1.3125 55 183 162
1.315 54 184 162
1.3175 54 183 163
1.32 54 182 164
1.3225 54 183 163
1.325 54 182 164
1.3275 55 181 164
1.33 56 181 163
1.3325 55 181 164
1.335 54 182 164
1.3375 53 183 164
1.34 53 183 164
1.3425 53 182 165
1.345 53 182 165
1.3475 53 181 166
1.35 53 181 166
1.3525 53 180 167
1.355 53 180 167
1.3575 54 180 166
1.36 54 179 167
1.3625 53 180 167
1.365 53 179 168
1.3675 54 179 167
1.37 54 178 168
1.3725 53 178 169
1.375 53 178 169
1.3775 53 177 170
1.38 52 177 171
1.3825 53 176 171
1.385 54 176 170
1.3875 54 176 170
1.39 54 176 170
1.3925 54 177 169
1.395 54 177 169
1.3975 55 176 169
1.4 55 175 170
1.4025 54 175 171
1.405 54 174 172
1.4075 54 174 172
1.41 54 173 173
1.4125 54 173 173
1.415 54 173 173
1.4175 55 173 172
1.42 54 173 173
1.4225 53 173 174
1.425 53 173 174
1.4275 54 172 174
1.43 55 172 173
1.4325 56 172 172
1.435 56 172 172
1.4375 57 172 171
1.44 57 172 171
1.4425 56 173 171
1.445 56 173 171
1.4475 56 172 172
1.45 56 172 172
1.4525 56 171 173
1.455 57 170 173
1.4575 57 170 173
1.46 56 171 173
1.4625 56 170 174
1.465 56 169 175
1.4675 56 168 176
1.47 56 168 176
1.4725 56 167 177
1.475 56 166 178
1.4775 56 165 179
1.48 56 165 179
1.4825 56 165 179
1.485 55 165 180
1.4875 55 165 180
1.49 56 165 179
1.4925 55 165 180
1.495 55 165 180
1.4975 55 165 180
1.5 54 166 180
1.5025 54 165 181
1.505 54 165 181
1.5075 54 165 181
1.51 54 164 182
1.5125 54 164 182
1.515 55 164 181
1.5175 55 165 180
1.52 55 165 180
1.5225 55 166 179
1.525 55 165 180
1.5275 55 165 180
1.53 55 165 180
1.5325 55 165 180
1.535 55 164 181
1.5375 55 164 181
1.54 56 164 180
1.5425 55 164 181
1.545 55 163 182
1.5475 56 163 181
1.55 56 163 181
1.5525 56 163 181
1.555 56 162 182
1.5575 56 161 183
1.56 56 161 183
1.5625 56 161 183
1.565 56 161 183
1.5675 56 161 183
1.57 55 161 184
1.5725 54 161 185
1.575 54 161 185
1.5775 55 161 184
1.58 55 162 183
1.5825 55 163 182
1.585 55 162 183
1.5875 54 163 183
1.59 54 164 182
1.5925 53 165 182
1.595 53 165 182
1.5975 53 164 183
1.6 53 164 183
1.6025 53 164 183
1.605 54 164 182
1.6075 54 163 183
1.61 54 163 183
1.6125 54 163 183
1.615 54 163 183
1.6175 54 162 184
1.62 54 163 183
1.6225 54 162 184
1.625 55 162 183
1.6275 56 162 182
1.63 56 162 182
1.6325 57 162 181
1.635 57 163 180
1.6375 57 162 181
1.64 58 161 181
1.6425 58 161 181
1.645 59 161 180
1.6475 58 162 180
1.65 58 162 180
1.6525 58 162 180
1.655 58 161 181
1.6575 58 161 181
1.66 59 161 180
1.6625 60 160 180
1.665 59 160 181
1.6675 59 160 181
1.67 59 160 181
1.6725 59 160 181
1.675 58 160 182
1.6775 59 159 182
1.68 59 158 183
1.6825 58 158 184
1.685 58 158 184
1.6875 58 157 185
1.69 59 157 184
1.6925 59 156 185
1.695 59 155 186
1.6975 58 155 187
1.7 57 156 187
1.7025 57 155 188
1.705 56 155 189
1.7075 56 155 189
1.71 56 154 190
1.7125 56 154 190
1.715 56 155 189
1.7175 56 155 189
1.72 56 154 190
1.7225 55 155 190
1.725 56 155 189
1.7275 56 154 190
1.73 55 154 191
1.7325 56 154 190
1.735 56 154 190
1.7375 57 153 190
1.74 56 153 191
1.7425 56 153 191
1.745 56 152 192
1.7475 56 152 192
1.75 56 152 192
1.7525 56 152 192
1.755 57 151 192
1.7575 58 151 191
1.76 59 150 191
1.7625 58 151 191
1.765 58 150 192
1.7675 58 150 192
1.77 58 150 192
1.7725 59 149 192
1.775 60 148 192
1.7775 59 149 192
1.78 58 150 192
1.7825 57 151 192
1.785 57 150 193
1.7875 57 149 194
1.79 57 149 194
1.7925 57 149 194
1.795 57 148 195
1.7975 57 149 194
1.8 56 150 194
1.8025 56 149 195
1.805 56 148 196
1.8075 55 149 196
1.81 56 149 195
1.8125 56 149 195
1.815 56 149 195
1.8175 56 149 195
1.82 56 148 196
1.8225 56 147 197
1.825 56 147 197
1.8275 55 147 198
1.83 55 147 198
1.8325 55 147 198
1.835 54 148 198
1.8375 54 147 199
1.84 53 148 199
1.8425 54 148 198
1.845 54 147 199
1.8475 54 146 200
1.85 55 146 199
1.8525 55 146 199
1.855 54 147 199
1.8575 55 147 198
1.86 55 147 198
1.8625 54 147 199
1.865 55 147 198
1.8675 55 147 198
1.87 55 147 198
1.8725 54 148 198
1.875 54 148 198
1.8775 54 148 198
1.88 54 147 199
1.8825 54 146 200
1.885 54 146 200
1.8875 54 146 200
1.89 54 145 201
1.8925 54 146 200
1.895 54 146 200
1.8975 54 146 200
1.9 55 145 200
1.9025 55 144 201
1.905 55 144 201
1.9075 56 143 201
1.91 56 142 202
1.9125 57 142 201
1.915 57 142 201
1.9175 58 142 200
1.92 59 141 200
1.9225 58 142 200
1.925 58 141 201
1.9275 59 141 200
1.93 59 141 200
1.9325 59 141 200
1.935 59 141 200
1.9375 58 142 200
1.94 58 141 201
1.9425 59 141 200
1.945 59 140 201
1.9475 60 139 201
1.95 60 139 201
1.9525 59 140 201
1.955 60 140 200
1.9575 60 140 200
1.96 60 140 200
1.9625 60 140 200
1.965 60 140 200
1.9675 60 140 200
1.97 61 139 200
1.9725 62 139 199
1.975 61 140 199
1.9775 60 140 200
1.98 60 140 200
1.9825 59 141 200
1.985 59 141 200
1.9875 60 140 200
1.99 60 141 199
1.9925 60 140 200
1.995 60 139 201
1.9975 60 138 202
2 60 138 202
2.0025 59 139 202
2.005 59 139 202
2.0075 59 139 202
2.01 59 139 202
2.0125 58 140 202
2.015 58 139 203
2.0175 58 140 202
2.02 58 141 201
2.0225 58 141 201
2.025 57 142 201
2.0275 57 141 202
2.03 57 141 202
2.0325 56 142 202
2.035 56 141 203
2.0375 56 141 203
2.04 57 140 203
2.0425 57 140 203
2.045 57 140 203
2.0475 57 139 204
2.05 57 139 204
2.0525 57 139 204
2.055 57 138 205
2.0575 57 139 204
2.06 58 139 203
2.0625 59 139 202
2.065 59 139 202
2.0675 59 139 202
2.07 59 139 202
2.0725 59 138 203
2.075 58 138 204
2.0775 59 137 204
2.08 59 136 205
2.0825 60 136 204
2.085 60 136 204
2.0875 60 136 204
2.09 60 136 204
2.0925 59 137 204
2.095 59 137 204
2.0975 59 137 204
2.1 60 136 204
2.1025 60 136 204
2.105 60 136 204
2.1075 60 137 203
2.11 60 137 203
2.1125 60 137 203
2.115 61 137 202
2.1175 60 137 203
2.12 60 137 203
2.1225 59 138 203
2.125 59 138 203
2.1275 59 137 204
2.13 60 137 203
2.1325 60 138 202
2.135 60 137 203
2.1375 59 138 203
2.14 59 138 203
2.1425 59 138 203
2.145 58 139 203
2.1475 57 139 204
2.15 57 139 204
2.1525 56 140 204
2.155 56 141 203
2.1575 56 141 203
2.16 56 141 203
2.1625 55 141 204
2.165 55 141 204
2.1675 55 141 204
2.17 54 142 204
2.1725 54 142 204
2.175 54 142 204
2.1775 55 142 203
2.18 55 141 204
2.1825 55 141 204
2.185 55 141 204
2.1875 55 141 204
2.19 54 142 204
2.1925 54 141 205
2.195 54 142 204
2.1975 54 142 204
2.2 55 142 203
2.2025 56 142 202
2.205 56 142 202
2.2075 55 143 202
2.21 55 143 202
2.2125 56 143 201
2.215 56 143 201
2.2175 56 143 201
2.22 56 143 201
2.2225 56 143 201
2.225 56 143 201
2.2275 57 143 200
2.23 57 144 199
2.2325 57 144 199
2.235 57 143 200
2.2375 57 143 200
2.24 57 143 200
2.2425 57 142 201
2.245 57 142 201
2.2475 57 142 201
2.25 57 141 202
2.2525 58 141 201
2.255 57 142 201
2.2575 57 141 202
2.26 57 140 203
2.2625 57 139 204
2.265 56 139 205
2.2675 56 139 205
2.27 56 139 205
2.2725 56 139 205
2.275 56 138 206
2.2775 55 139 206
2.28 55 139 206
2.2825 55 138 207
2.285 56 138 206
2.2875 56 137 207
2.29 55 138 207
2.2925 55 138 207
2.295 55 138 207
2.2975 55 137 208
2.3 56 137 207
2.3025 57 137 206
2.305 57 137 206
2.3075 57 137 206
2.31 57 137 206
2.3125 57 137 206
2.315 57 137 206
2.3175 57 136 207
2.32 56 137 207
2.3225 56 137 207
2.325 56 136 208
2.3275 55 137 208
2.33 55 137 208
2.3325 56 137 207
2.335 56 137 207
2.3375 56 137 207
2.34 57 136 207
2.3425 58 135 207
2.345 58 135 207
2.3475 58 135 207
2.35 57 136 207
2.3525 58 135 207
2.355 58 134 208
2.3575 57 134 209
2.36 57 134 209
2.3625 57 134 209
2.365 57 134 209
2.3675 56 135 209
2.37 56 135 209
2.3725 56 136 208
2.375 57 135 208
2.3775 58 134 208
2.38 59 134 207
2.3825 59 135 206
2.385 59 135 206
2.3875 58 135 207
2.39 58 134 208
2.3925 58 134 208
2.395 58 133 209
2.3975 58 133 209
2.4 58 133 209
2.4025 58 133 209
2.405 57 133 210
2.4075 58 132 210
2.41 57 133 210
2.4125 57 133 210
2.415 57 132 211
2.4175 56 133 211
2.42 56 134 210
2.4225 55 135 210
2.425 54 136 210
2.4275 55 136 209
2.43 56 135 209
2.4325 56 135 209
2.435 56 135 209
2.4375 55 136 209
2.44 55 136 209
2.4425 55 135 210
2.445 55 134 211
2.4475 54 135 211
2.45 53 135 212
2.4525 53 135 212
2.455 53 136 211
2.4575 53 136 211
2.46 54 136 210
2.4625 54 135 211
2.465 53 136 211
2.4675 54 135 211
2.47 55 134 211
2.4725 55 134 211
2.475 55 134 211
2.4775 55 135 210
2.48 55 136 209
2.4825 55 137 208
2.485 55 137 208
2.4875 54 138 208
2.49 53 139 208
2.4925 53 138 209
2.495 52 139 209
2.4975 52 139 209
2.5 52 139 209
------------------------------
B
t S I R
0 300 100 0
0.00125 300 100 0
0.0025 300 100 0
0.00375 300 100 0
0.005 300 100 0
0.00625 299 101 0
0.0075 298 102 0
0.00875 298 102 0
0.01 297 103 0
0.01125 297 103 0
0.0125 297 103 0
0.01375 297 103 0
0.015 297 103 0
0.01625 297 103 0
0.0175 297 102 1
0.01875 297 102 1
0.02 297 102 1
0.02125 296 103 1
0.0225 296 103 1
0.02375 296 103 1
0.025 296 103 1
0.02625 295 104 1
0.0275 294 105 1
0.02875 293 105 2
0.03 293 105 2
0.03125 293 105 2
0.0325 293 104 3
0.03375 293 104 3
0.035 292 105 3
0.03625 292 105 3
0.0375 291 105 4
0.03875 290 105 5
0.04 289 106 5
0.04125 289 106 5
0.0425 289 106 5
0.04375 288 107 5
0.045 288 107 5
0.04625 288 107 5
0.0475 288 106 6
0.04875 287 107 6
0.05 287 107 6
0.05125 287 106 7
0.0525 286 107 7
0.05375 285 108 7
0.055 285 107 8
0.05625 285 106 9
0.0575 285 106 9
0.05875 285 105 10
0.06 285 104 11
0.06125 284 105 11
0.0625 284 105 11
0.06375 283 106 11
0.065 283 106 11
0.06625 283 105 12
0.0675 283 105 12
0.06875 283 105 12
0.07 283 105 12
0.07125 282 106 12
0.0725 282 105 13
0.07375 281 105 14
0.075 280 106 14
0.07625 280 106 14
0.0775 280 106 14
0.07875 279 107 14
0.08 279 106 15
0.08125 279 105 16
0.0825 279 105 16
0.08375 278 105 17
0.085 278 104 18
0.08625 277 105 18
0.0875 276 106 18
0.08875 275 107 18
0.09 275 107 18
0.09125 275 107 18
0.0925 275 107 18
0.09375 274 108 18
0.095 274 108 18
0.09625 274 108 18
0.0975 274 108 18
0.09875 274 108 18
0.1 273 109 18
0.10125 273 108 19
0.1025 273 108 19
0.10375 273 107 20
0.105 273 107 20
0.10625 273 107 20
0.1075 273 107 20
0.10875 273 107 20
0.11 272 108 20
0.11125 272 108 20
0.1125 271 109 20
0.11375 271 109 20
0.115 271 109 20
0.11625 271 109 20
0.1175 271 109 20
0.11875 271 109 20
0.12 271 109 20
0.12125 271 109 20
0.1225 270 109 21
0.12375 270 108 22
0.125 270 108 22
0.12625 269 108 23
0.1275 268 109 23
0.12875 267 110 23
0.13 267 110 23
0.13125 267 109 24
0.1325 267 109 24
0.13375 267 109 24
0.135 267 108 25
0.13625 268 108 24
0.1375 267 108 25
0.13875 267 108 25
0.14 267 108 25
0.14125 266 109 25
0.1425 266 108 26
0.14375 266 108 26
0.145 266 107 27
0.14625 265 108 27
0.1475 265 108 27
0.14875 264 109 27
0.15 264 109 27
0.15125 264 109 27
0.1525 264 108 28
0.15375 264 107 29
0.155 264 106 30
0.15625 264 106 30
0.1575 264 106 30
0.15875 264 106 30
0.16 264 106 30
0.16125 263 107 30
0.1625 262 107 31
0.16375 262 106 32
0.165 261 106 33
0.16625 261 106 33
0.1675 261 105 34
0.16875 261 105 34
0.17 260 106 34
0.17125 259 107 34
0.1725 258 108 34
0.17375 257 108 35
0.175 256 109 35
0.17625 256 109 35
0.1775 255 110 35
0.17875 256 110 34
0.18 256 110 34
0.18125 255 111 34
0.1825 255 110 35
0.18375 255 109 36
0.185 255 109 36
0.18625 255 109 36
0.1875 255 109 36
0.18875 255 109 36
0.19 254 110 36
0.19125 254 110 36
0.1925 254 109 37
0.19375 255 109 36
0.195 254 109 37
0.19625 254 109 37
0.1975 254 108 38
0.19875 254 108 38
0.2 253 109 38
0.20125 253 109 38
0.2025 252 109 39
0.20375 252 108 40
0.205 251 109 40
0.20625 251 109 40
0.2075 250 109 41
0.20875 249 109 42
0.21 248 109 43
0.21125 247 110 43
0.2125 247 110 43
0.21375 246 111 43
0.215 245 112 43
0.21625 245 112 43
0.2175 244 113 43
0.21875 243 114 43
0.22 243 114 43
0.22125 243 113 44
0.2225 243 113 44
0.22375 243 112 45
0.225 242 113 45
0.22625 241 113 46
0.2275 241 112 47
0.22875 241 112 47
0.23 240 113 47
0.23125 239 114 47
0.2325 239 114 47
0.23375 238 115 47
0.235 238 115 47
0.23625 238 115 47
0.2375 238 115 47
0.23875 238 115 47
0.24 238 115 47
0.24125 237 116 47
0.2425 237 116 47
0.24375 237 116 47
0.245 237 116 47
0.24625 237 115 48
0.2475 237 115 48
0.24875 237 115 48
0.25 237 115 48
0.25125 237 115 48
0.2525 237 115 48
0.25375 236 116 48
0.255 237 115 48
0.25625 237 114 49
0.2575 237 114 49
0.25875 236 115 49
0.26 236 115 49
0.26125 235 116 49
0.2625 234 117 49
0.26375 234 116 50
0.265 235 116 49
0.26625 235 115 50
0.2675 234 115 51
0.26875 234 115 51
0.27 234 115 51
0.27125 234 115 51
0.2725 234 115 51
0.27375 234 115 51
0.275 234 115 51
0.27625 234 115 51
0.2775 234 115 51
0.27875 233 116 51
0.28 233 116 51
0.28125 233 116 51
0.2825 233 116 51
0.28375 233 116 51
0.285 233 116 51
0.28625 233 116 51
0.2875 232 117 51
0.28875 232 116 52
0.29 232 116 52
0.29125 231 117 52
0.2925 231 117 52
0.29375 230 117 53
0.295 230 117 53
0.29625 230 117 53
0.2975 230 116 54
0.29875 230 115 55
0.3 230 115 55
0.30125 230 115 55
0.3025 230 115 55
0.30375 230 115 55
0.305 230 115 55
0.30625 230 114 56
0.3075 230 113 57
0.30875 229 114 57
0.31 229 113 58
0.31125 228 114 58
0.3125 228 114 58
0.31375 228 113 59
0.315 227 113 60
0.31625 226 114 60
0.3175 225 114 61
0.31875 225 114 61
0.32 224 115 61
0.32125 224 114 62
0.3225 223 114 63
0.32375 223 114 63
0.325 222 115 63
0.32625 222 114 64
0.3275 222 114 64
0.32875 222 114 64
0.33 222 114 64
0.33125 221 115 64
0.3325 221 115 64
0.33375 221 115 64
0.335 220 115 65
0.33625 219 116 65
0.3375 219 116 65
0.33875 219 116 65
0.34 218 117 65
0.34125 217 117 66
0.3425 217 117 66
0.34375 217 117 66
0.345 216 118 66
0.34625 216 118 66
0.3475 216 118 66
0.34875 216 118 66
0.35 215 119 66
0.35125 216 118 66
0.3525 216 118 66
0.35375 216 118 66
0.355 216 118 66
0.35625 215 119 66
0.3575 215 119 66
0.35875 215 119 66
0.36 215 119 66
0.36125 214 120 66
0.3625 213 121 66
0.36375 212 121 67
0.365 212 121 67
0.36625 212 120 68
0.3675 212 120 68
0.36875 212 119 69
0.37 211 119 70
0.37125 211 119 70
0.3725 211 118 71
0.37375 211 117 72
0.375 211 116 73
0.37625 211 116 73
0.3775 211 116 73
0.37875 211 115 74
0.38 211 115 74
0.38125 210 115 75
0.3825 210 115 75
0.38375 210 115 75
0.385 209 116 75
0.38625 209 115 76
0.3875 209 114 77
0.38875 209 114 77
0.39 209 114 77
0.39125 209 114 77
0.3925 208 115 77
0.39375 208 114 78
0.395 207 115 78
0.39625 206 116 78
0.3975 206 116 78
0.39875 206 116 78
0.4 205 117 78
0.40125 205 117 78
0.4025 204 117 79
0.40375 203 118 79
0.405 203 118 79
0.40625 202 119 79
0.4075 201 120 79
0.40875 200 120 80
0.41 200 120 80
0.41125 199 121 80
0.4125 199 122 79
0.41375 199 122 79
0.415 199 122 79
0.41625 199 122 79
0.4175 198 123 79
0.41875 197 123 80
0.42 197 123 80
0.42125 197 122 81
0.4225 196 122 82
0.42375 195 123 82
0.425 194 124 82
0.42625 194 124 82
0.4275 194 124 82
0.42875 194 124 82
0.43 194 123 83
0.43125 194 123 83
0.4325 193 124 83
0.43375 194 123 83
0.435 194 122 84
0.43625 193 123 84
0.4375 193 122 85
0.43875 194 122 84
0.44 194 122 84
0.44125 194 122 84
0.4425 195 122 83
0.44375 195 122 83
0.445 195 121 84
0.44625 194 121 85
0.4475 193 122 85
0.44875 192 123 85
0.45 191 123 86
0.45125 191 123 86
0.4525 191 123 86
0.45375 191 123 86
0.455 190 123 87
0.45625 190 123 87
0.4575 190 123 87
0.45875 189 123 88
0.46 189 123 88
0.46125 188 124 88
0.4625 188 123 89
0.46375 187 123 90
0.465 187 122 91
0.46625 187 121 92
0.4675 187 121 92
0.46875 187 121 92
0.47 186 122 92
0.47125 185 123 92
0.4725 184 123 93
0.47375 184 123 93
0.475 183 124 93
0.47625 183 123 94
0.4775 183 123 94
0.47875 183 123 94
0.48 183 123 94
0.48125 183 122 95
0.4825 183 121 96
0.48375 182 121 97
0.485 182 121 97
0.48625 181 122 97
0.4875 181 122 97
0.48875 181 122 97
0.49 181 122 97
0.49125 181 122 97
0.4925 181 122 97
0.49375 181 122 97
0.495 181 121 98
0.49625 180 121 99
0.4975 180 120 100
0.49875 179 121 100
0.5 178 122 100
0.50125 178 122 100
0.5025 178 121 101
0.50375 178 121 101
0.505 178 121 101
0.50625 178 121 101
0.5075 178 121 101
0.50875 178 121 101
0.51 178 121 101
0.51125 177 122 101
0.5125 177 122 101
0.51375 177 121 102
0.515 177 121 102
0.51625 177 121 102
0.5175 177 121 102
0.51875 178 120 102
0.52 177 120 103
0.52125 176 120 104
0.5225 177 120 103
0.52375 177 120 103
0.525 178 120 102
0.52625 178 120 102
0.5275 178 120 102
0.52875 178 120 102
0.53 178 120 102
0.53125 179 119 102
0.5325 180 118 102
0.53375 179 119 102
0.535 178 120 102
0.53625 177 121 102
0.5375 177 120 103
0.53875 176 120 104
0.54 175 121 104
0.54125 175 120 105
0.5425 175 120 105
0.54375 175 120 105
0.545 174 121 105
0.54625 174 120 106
0.5475 173 121 106
0.54875 173 120 107
0.55 173 120 107
0.55125 173 120 107
0.5525 174 119 107
0.55375 174 118 108
0.555 174 117 109
0.55625 174 116 110
0.5575 173 116 111
0.55875 173 116 111
0.56 172 117 111
0.56125 172 117 111
0.5625 172 116 112
0.56375 172 116 112
0.565 172 116 112
0.56625 172 116 112
0.5675 172 115 113
0.56875 172 115 113
0.57 172 115 113
0.57125 171 116 113
0.5725 171 116 113
0.57375 171 116 113
0.575 171 116 113
0.57625 170 116 114
0.5775 170 116 114
0.57875 170 116 114
0.58 169 117 114
0.58125 168 117 115
0.5825 167 117 116
0.58375 167 117 116
0.585 166 118 116
0.58625 165 119 116
0.5875 165 119 116
0.58875 166 118 116
0.59 166 117 117
0.59125 166 117 117
0.5925 166 117 117
0.59375 166 117 117
0.595 166 116 118
0.59625 166 116 118
0.5975 166 116 118
0.59875 167 116 117
0.6 166 117 117
0.60125 166 116 118
0.6025 166 115 119
0.60375 166 115 119
0.605 166 115 119
0.60625 166 115 119
0.6075 166 114 120
0.60875 166 113 121
0.61 165 113 122
0.61125 165 113 122
0.6125 165 113 122
0.61375 165 113 122
0.615 165 113 122
0.61625 164 114 122
0.6175 164 114 122
0.61875 164 114 122
0.62 164 114 122
0.62125 164 114 122
0.6225 164 114 122
0.62375 164 113 123
0.625 164 112 124
0.62625 164 112 124
0.6275 164 112 124
0.62875 164 112 124
0.63 164 111 125
0.63125 164 111 125
0.6325 163 111 126
0.63375 163 110 127
0.635 162 111 127
0.63625 162 111 127
0.6375 162 111 127
0.63875 162 111 127
0.64 163 111 126
0.64125 163 111 126
0.6425 163 111 126
0.64375 162 111 127
0.645 161 112 127
0.64625 161 112 127
0.6475 161 112 127
0.64875 161 111 128
0.65 160 112 128
0.65125 159 112 129
0.6525 158 113 129
0.65375 157 114 129
0.655 157 114 129
0.65625 157 114 129
0.6575 158 114 128
0.65875 158 114 128
0.66 158 114 128
0.66125 158 114 128
0.6625 158 114 128
0.66375 158 113 129
0.665 158 113 129
0.66625 158 113 129
0.6675 158 113 129
0.66875 158 113 129
0.67 157 113 130
0.67125 157 113 130
0.6725 157 113 130
0.67375 158 113 129
0.675 157 114 129
0.67625 156 115 129
0.6775 155 115 130
0.67875 155 114 131
0.68 155 114 131
0.68125 155 113 132
0.6825 155 112 133
0.68375 155 111 134
0.685 155 111 134
0.68625 154 112 134
0.6875 154 112 134
0.68875 154 111 135
0.69 154 110 136
0.69125 154 110 136
0.6925 153 111 136
0.69375 153 110 137
0.695 154 110 136
0.69625 153 111 136
0.6975 153 111 136
0.69875 152 112 136
0.7 152 112 136
0.70125 152 111 137
0.7025 152 110 138
0.70375 152 109 139
0.705 152 109 139
0.70625 153 108 139
0.7075 153 108 139
0.70875 153 108 139
0.71 153 108 139
0.71125 154 108 138
0.7125 154 108 138
0.71375 154 107 139
0.715 153 107 140
0.71625 153 106 141
0.7175 153 106 141
0.71875 153 106 141
0.72 154 106 140
0.72125 154 106 140
0.7225 155 106 139
0.72375 155 105 140
0.725 155 105 140
0.72625 155 104 141
0.7275 154 105 141
0.72875 154 105 141
0.73 153 106 141
0.73125 153 106 141
0.7325 153 106 141
0.73375 153 105 142
0.735 152 106 142
0.73625 151 106 143
0.7375 151 106 143
0.73875 151 105 144
0.74 150 106 144
0.74125 149 107 144
0.7425 149 107 144
0.74375 148 108 144
0.745 148 107 145
0.74625 148 107 145
0.7475 148 107 145
0.74875 148 107 145
0.75 148 107 145
0.75125 148 106 146
0.7525 148 106 146
0.75375 148 106 146
0.755 148 106 146
0.75625 148 106 146
0.7575 148 106 146
0.75875 148 106 146
0.76 148 105 147
0.76125 148 105 147
0.7625 148 105 147
0.76375 147 106 147
0.765 147 105 148
0.76625 147 105 148
0.7675 146 106 148
0.76875 146 106 148
0.77 146 105 149
0.77125 146 105 149
0.7725 146 105 149
0.77375 145 105 150
0.775 145 105 150
0.77625 144 106 150
0.7775 144 106 150
0.77875 144 106 150
0.78 143 107 150
0.78125 143 107 150
0.7825 143 108 149
0.78375 143 108 149
0.785 142 108 150
0.78625 142 108 150
0.7875 141 109 150
0.78875 141 109 150
0.79 141 109 150
0.79125 141 108 151
0.7925 141 108 151
0.79375 141 107 152
0.795 142 107 151
0.79625 143 107 150
0.7975 143 107 150
0.79875 143 106 151
0.8 143 106 151
0.80125 143 106 151
0.8025 143 106 151
0.80375 143 106 151
0.805 142 107 151
0.80625 142 107 151
0.8075 142 107 151
0.80875 142 107 151
0.81 142 106 152
0.81125 142 105 153
0.8125 143 105 152
0.81375 144 105 151
0.815 145 105 150
0.81625 145 104 151
0.8175 145 104 151
0.81875 145 104 151
0.82 145 103 152
0.82125 145 103 152
0.8225 144 104 152
0.82375 143 105 152
0.825 142 106 152
0.82625 143 105 152
0.8275 143 105 152
0.82875 143 105 152
0.83 142 105 153
0.83125 142 104 154
0.8325 142 104 154
0.83375 142 104 154
0.835 142 104 154
0.83625 142 104 154
0.8375 142 103 155
0.83875 142 103 155
0.84 142 102 156
0.84125 142 102 156
0.8425 142 102 156
0.84375 142 102 156
0.845 142 101 157
0.84625 142 101 157
0.8475 141 102 157
0.84875 141 102 157
0.85 141 101 158
0.85125 141 101 158
0.8525 141 101 158
0.85375 141 101 158
0.855 141 101 158
0.85625 141 101 158
0.8575 141 101 158
0.85875 142 101 157
0.86 143 101 156
0.86125 142 102 156
0.8625 143 101 156
0.86375 144 101 155
0.865 144 101 155
0.86625 143 102 155
0.8675 143 102 155
0.86875 143 102 155
0.87 142 103 155
0.87125 141 103 156
0.8725 141 102 157
0.87375 141 102 157
0.875 140 103 157
0.87625 140 103 157
0.8775 140 103 157
0.87875 140 103 157
0.88 141 103 156
0.88125 141 103 156
0.8825 140 103 157
0.88375 140 103 157
0.885 140 103 157
0.88625 140 103 157
0.8875 140 102 158
0.88875 140 102 158
0.89 140 102 158
0.89125 140 102 158
0.8925 140 101 159
0.89375 140 101 159
0.895 139 102 159
0.89625 140 101 159
0.8975 140 101 159
0.89875 140 100 160
0.9 140 100 160
0.90125 141 99 160
0.9025 142 98 160
0.90375 142 97 161
0.905 142 97 161
0.90625 143 97 160
0.9075 143 97 160
0.90875 144 97 159
0.91 144 97 159
0.91125 144 96 160
0.9125 144 96 160
0.91375 144 96 160
0.915 144 96 160
0.91625 144 96 160
0.9175 144 95 161
0.91875 144 94 162
0.92 145 94 161
0.92125 145 94 161
0.9225 145 93 162
0.92375 145 93 162
0.925 145 93 162
0.92625 144 93 163
0.9275 145 93 162
0.92875 145 93 162
0.93 145 93 162
0.93125 145 93 162
0.9325 145 93 162
0.93375 145 92 163
0.935 144 93 163
0.93625 143 94 163
0.9375 143 94 163
0.93875 142 95 163
0.94 142 95 163
0.94125 142 95 163
0.9425 142 95 163
0.94375 142 95 163
0.945 142 95 163
0.94625 141 96 163
0.9475 140 97 163
0.94875 140 97 163
0.95 139 97 164
0.95125 139 97 164
0.9525 139 97 164
0.95375 139 97 164
0.955 139 96 165
0.95625 139 96 165
0.9575 140 95 165
0.95875 139 96 165
0.96 139 96 165
0.96125 139 96 165
0.9625 139 96 165
0.96375 139 96 165
0.965 139 95 166
0.96625 139 94 167
0.9675 139 94 167
0.96875 139 93 168
0.97 139 93 168
0.97125 139 92 169
0.9725 140 92 168
0.97375 140 92 168
0.975 141 92 167
0.97625 141 92 167
0.9775 141 93 166
0.97875 141 93 166
0.98 141 93 166
0.98125 141 92 167
0.9825 141 91 168
0.98375 141 91 168
0.985 141 91 168
0.98625 141 91 168
0.9875 140 92 168
0.98875 140 91 169
0.99 139 92 169
0.99125 139 92 169
0.9925 139 92 169
0.99375 139 92 169
0.995 139 92 169
0.99625 139 92 169
0.9975 139 92 169
0.99875 138 93 169
1 138 93 169
1.00125 138 94 168
1.0025 139 94 167
1.00375 140 94 166
1.005 141 93 166
1.00625 141 93 166
1.0075 141 93 166
1.00875 141 93 166
1.01 141 92 167
1.01125 141 92 167
1.0125 141 92 167
1.01375 141 91 168
1.015 141 91 168
1.01625 141 91 168
1.0175 141 91 168
1.01875 141 91 168
1.02 140 92 168
1.02125 140 92 168
1.0225 140 92 168
1.02375 140 92 168
1.025 140 91 169
1.02625 140 91 169
1.0275 140 91 169
1.02875 140 90 170
1.03 140 90 170
1.03125 140 90 170
1.0325 140 90 170
1.03375 140 90 170
1.035 140 89 171
1.03625 141 89 170
1.0375 141 89 170
1.03875 141 89 170
1.04 141 89 170
1.04125 141 89 170
1.0425 142 89 169
1.04375 141 90 169
1.045 140 91 169
1.04625 140 91 169
1.0475 140 91 169
1.04875 140 90 170
1.05 140 89 171
1.05125 140 88 172
1.0525 140 88 172
1.05375 140 88 172
1.055 140 87 173
1.05625 140 87 173
1.0575 140 87 173
1.05875 140 87 173
1.06 141 86 173
1.06125 141 86 173
1.0625 141 87 172
1.06375 140 88 172
1.065 140 88 172
1.06625 140 88 172
1.0675 139 89 172
1.06875 139 89 172
1.07 139 89 172
1.07125 139 89 172
1.0725 139 89 172
1.07375 139 89 172
1.075 139 89 172
1.07625 139 89 172
1.0775 138 90 172
1.07875 138 90 172
1.08 138 90 172
1.08125 138 90 172
1.0825 138 90 172
1.08375 137 91 172
1.085 137 91 172
1.08625 136 92 172
1.0875 136 92 172
1.08875 136 92 172
1.09 135 93 172
1.09125 135 93 172
1.0925 135 93 172
1.09375 135 93 172
1.095 136 93 171
1.09625 136 93 171
1.0975 137 93 170
1.09875 137 93 170
1.1 137 93 170
1.10125 138 93 169
1.1025 138 93 169
1.10375 138 93 169
1.105 139 93 168
1.10625 139 92 169
1.1075 139 92 169
1.10875 139 92 169
1.11 139 92 169
1.11125 139 92 169
1.1125 138 93 169
1.11375 138 93 169
1.115 138 93 169
1.11625 138 92 170
1.1175 138 92 170
1.11875 138 92 170
1.12 138 91 171
1.12125 138 91 171
1.1225 138 91 171
1.12375 138 91 171
1.125 138 91 171
1.12625 138 91 171
1.1275 138 91 171
1.12875 138 91 171
1.13 138 91 171
1.13125 138 90 172
1.1325 138 90 172
1.13375 138 90 172
1.135 138 89 173
1.13625 138 90 172
1.1375 138 90 172
1.13875 139 90 171
1.14 139 90 171
1.14125 139 89 172
1.1425 138 90 172
1.14375 138 89 173
1.145 138 89 173
1.14625 138 89 173
1.1475 138 88 174
1.14875 138 88 174
1.15 138 87 175
1.15125 138 86 176
1.1525 137 87 176
1.15375 137 87 176
1.155 137 87 176
1.15625 137 86 177
1.1575 136 86 178
1.15875 136 85 179
1.16 135 86 179
1.16125 135 86 179
1.1625 135 85 180
1.16375 135 85 180
1.165 135 84 181
1.16625 135 84 181
1.1675 135 83 182
1.16875 135 83 182
1.17 135 83 182
1.17125 135 82 183
1.1725 134 83 183
1.17375 134 83 183
1.175 134 83 183
1.17625 134 82 184
1.1775 134 82 184
1.17875 134 82 184
1.18 135 81 184
1.18125 135 81 184
1.1825 135 81 184
1.18375 135 81 184
1.185 135 81 184
1.18625 135 80 185
1.1875 136 80 184
1.18875 136 80 184
1.19 136 80 184
1.19125 136 79 185
1.1925 136 78 186
1.19375 137 78 185
1.195 138 78 184
1.19625 138 77 185
1.1975 137 78 185
1.19875 137 77 186
1.2 137 77 186
1.20125 137 77 186
1.2025 137 77 186
1.20375 137 77 186
1.205 138 77 185
1.20625 138 77 185
1.2075 138 77 185
1.20875 138 77 185
1.21 137 78 185
1.21125 138 78 184
1.2125 138 78 184
1.21375 138 77 185
1.215 138 77 185
1.21625 138 77 185
1.2175 138 77 185
1.21875 138 77 185
1.22 138 76 186
1.22125 138 76 186
1.2225 138 76 186
1.22375 138 75 187
1.225 138 75 187
1.22625 138 75 187
1.2275 138 75 187
1.22875 138 75 187
1.23 138 75 187
1.23125 138 74 188
1.2325 137 75 188
1.23375 137 75 188
1.235 137 74 189
1.23625 137 74 189
1.2375 137 73 190
1.23875 137 73 190
1.24 137 73 190
1.24125 137 72 191
1.2425 136 73 191
1.24375 136 73 191
1.245 137 72 191
1.24625 137 72 191
1.2475 137 72 191
1.24875 137 72 191
1.25 137 72 191
------------------------------
C
t S I R
0 300 100 0
0.000833333 300 99 1
0.00166667 300 98 2
0.0025 300 98 2
0.00333333 300 98 2
0.00416667 300 98 2
0.005 300 98 2
0.00583333 300 98 2
0.00666667 300 97 3
0.0075 300 97 3
0.00833333 300 96 4
0.00916667 299 97 4
0.01 299 97 4
0.0108333 299 97 4
0.0116667 299 97 4
0.0125 298 98 4
0.0133333 298 98 4
0.0141667 297 98 5
0.015 297 98 5
0.0158333 297 98 5
0.0166667 297 98 5
0.0175 297 97 6
0.0183333 297 97 6
0.0191667 297 97 6
0.02 296 98 6
0.0208333 296 98 6
0.0216667 295 99 6
0.0225 295 98 7
0.0233333 295 98 7
0.0241667 295 98 7
0.025 295 98 7
0.0258333 295 98 7
0.0266667 295 98 7
0.0275 295 98 7
0.0283333 295 98 7
0.0291667 295 98 7
0.03 295 98 7
0.0308333 294 98 8
0.0316667 294 98 8
0.0325 294 98 8
0.0333333 294 98 8
0.0341667 294 98 8
0.035 294 98 8
0.0358333 294 97 9
0.0366667 294 97 9
0.0375 294 97 9
0.0383333 294 96 10
0.0391667 294 95 11
0.04 294 95 11
0.0408333 294 95 11
0.0416667 294 95 11
0.0425 294 95 11
0.0433333 294 95 11
0.0441667 294 95 11
0.045 294 94 12
0.0458333 293 95 12
0.0466667 293 95 12
0.0475 293 95 12
0.0483333 293 94 13
0.0491667 292 95 13
0.05 292 95 13
0.0508333 292 95 13
0.0516667 292 95 13
0.0525 292 94 14
0.0533333 291 95 14
0.0541667 290 96 14
0.055 290 96 14
0.0558333 290 95 15
0.0566667 290 95 15
0.0575 290 95 15
0.0583333 289 96 15
0.0591667 289 96 15
0.06 289 96 15
0.0608333 289 96 15
0.0616667 289 96 15
0.0625 289 96 15
0.0633333 289 95 16
0.0641667 289 94 17
0.065 289 94 17
0.0658333 289 94 17
0.0666667 289 93 18
0.0675 289 92 19
0.0683333 289 91 20
0.0691667 289 91 20
0.07 288 92 20
0.0708333 288 92 20
0.0716667 288 91 21
0.0725 288 91 21
0.0733333 288 91 21
0.0741667 288 91 21
0.075 288 90 22
0.0758333 288 89 23
0.0766667 288 89 23
0.0775 288 89 23
0.0783333 288 88 24
0.0791667 288 88 24
0.08 287 89 24
0.0808333 287 89 24
0.0816667 287 89 24
0.0825 287 88 25
0.0833333 286 89 25
0.0841667 286 89 25
0.085 286 89 25
0.0858333 286 89 25
0.0866667 286 89 25
0.0875 286 88 26
0.0883333 286 88 26
0.0891667 286 88 26
0.09 286 87 27
0.0908333 285 87 28
0.0916667 285 87 28
0.0925 285 87 28
0.0933333 284 88 28
0.0941667 284 88 28
0.095 284 88 28
0.0958333 283 89 28
0.0966667 283 88 29
0.0975 283 88 29
0.0983333 282 88 30
0.0991667 282 88 30
0.1 281 89 30
0.100833 280 90 30
0.101667 279 91 30
0.1025 278 92 30
0.103333 277 93 30
0.104167 276 94 30
0.105 276 94 30
0.105833 276 94 30
0.106667 275 95 30
0.1075 275 95 30
0.108333 275 95 30
0.109167 275 95 30
0.11 275 95 30
0.110833 275 95 30
0.111667 275 95 30
0.1125 275 94 31
0.113333 275 94 31
0.114167 275 93 32
0.115 275 93 32
0.115833 275 93 32
0.116667 275 93 32
0.1175 275 93 32
0.118333 275 93 32
0.119167 275 93 32
0.12 275 93 32
0.120833 275 92 33
0.121667 275 92 33
0.1225 275 92 33
0.123333 274 93 33
0.124167 273 94 33
0.125 273 93 34
0.125833 272 94 34
0.126667 272 94 34
0.1275 272 94 34
0.128333 272 94 34
0.129167 272 94 34
0.13 272 94 34
0.130833 272 93 35
0.131667 271 93 36
0.1325 270 94 36
0.133333 270 94 36
0.134167 270 93 37
0.135 269 94 37
0.135833 269 94 37
0.136667 269 94 37
0.1375 268 95 37
0.138333 267 96 37
0.139167 267 96 37
0.14 266 97 37
0.140833 266 97 37
0.141667 266 97 37
0.1425 265 98 37
0.143333 264 99 37
0.144167 263 100 37
0.145 262 101 37
0.145833 261 102 37
0.146667 260 103 37
0.1475 259 104 37
0.148333 259 104 37
0.149167 259 104 37
0.15 259 103 38
0.150833 258 104 38
0.151667 257 104 39
0.1525 257 104 39
0.153333 257 104 39
0.154167 257 104 39
0.155 256 105 39
0.155833 256 105 39
0.156667 256 104 40
0.1575 256 104 40
0.158333 256 104 40
0.159167 256 103 41
0.16 255 104 41
0.160833 255 103 42
0.161667 255 102 43
0.1625 255 101 44
0.163333 254 102 44
0.164167 254 101 45
0.165 253 102 45
0.165833 253 101 46
0.166667 253 101 46
0.1675 252 102 46
0.168333 252 102 46
0.169167 252 101 47
0.17 252 100 48
0.170833 252 99 49
0.171667 252 99 49
0.1725 252 99 49
0.173333 252 99 49
0.174167 253 99 48
0.175 252 100 48
0.175833 252 100 48
0.176667 252 99 49
0.1775 252 99 49
0.178333 252 99 49
0.179167 252 99 49
0.18 252 99 49
0.180833 252 99 49
0.181667 252 99 49
0.1825 252 99 49
0.183333 252 99 49
0.184167 251 99 50
0.185 250 100 50
0.185833 250 100 50
0.186667 249 101 50
0.1875 249 101 50
0.188333 249 101 50
0.189167 249 101 50
0.19 249 100 51
0.190833 249 100 51
0.191667 249 100 51
0.1925 249 100 51
0.193333 248 101 51
0.194167 248 101 51
0.195 247 102 51
0.195833 247 102 51
0.196667 247 101 52
0.1975 247 101 52
0.198333 247 101 52
0.199167 246 101 53
0.2 246 101 53
0.200833 246 100 54
0.201667 245 101 54
0.2025 245 101 54
0.203333 246 100 54
0.204167 245 101 54
0.205 244 101 55
0.205833 244 100 56
0.206667 244 100 56
0.2075 244 100 56
0.208333 244 100 56
0.209167 244 100 56
0.21 244 100 56
0.210833 245 100 55
0.211667 245 100 55
0.2125 245 100 55
0.213333 245 99 56
0.214167 245 99 56
0.215 245 99 56
0.215833 244 99 57
0.216667 244 99 57
0.2175 244 99 57
0.218333 244 99 57
0.219167 244 99 57
0.22 244 99 57
0.220833 245 99 56
0.221667 245 99 56
0.2225 245 99 56
0.223333 245 98 57
0.224167 245 98 57
0.225 245 97 58
0.225833 245 96 59
0.226667 244 96 60
0.2275 243 97 60
0.228333 243 96 61
0.229167 243 96 61
0.23 243 96 61
0.230833 243 96 61
0.231667 242 97 61
0.2325 242 96 62
0.233333 242 95 63
0.234167 242 95 63
0.235 242 95 63
0.235833 242 95 63
0.236667 242 94 64
0.2375 241 95 64
0.238333 241 95 64
0.239167 241 95 64
0.24 241 95 64
0.240833 241 95 64
0.241667 241 94 65
0.2425 240 95 65
0.243333 241 95 64
0.244167 241 94 65
0.245 241 94 65
0.245833 241 94 65
0.246667 240 95 65
0.2475 240 94 66
0.248333 240 94 66
0.249167 240 94 66
0.25 240 93 67
0.250833 240 93 67
0.251667 239 94 67
0.2525 238 95 67
0.253333 238 95 67
0.254167 238 94 68
0.255 238 94 68
0.255833 237 95 68
0.256667 237 95 68
0.2575 237 95 68
0.258333 237 95 68
0.259167 237 95 68
0.26 236 96 68
0.260833 235 97 68
0.261667 234 98 68
0.2625 233 99 68
0.263333 233 99 68
0.264167 232 99 69
0.265 231 100 69
0.265833 231 100 69
0.266667 231 100 69
0.2675 231 100 69
0.268333 231 99 70
0.269167 231 99 70
0.27 230 100 70
0.270833 229 101 70
0.271667 229 101 70
0.2725 228 101 71
0.273333 228 100 72
0.274167 228 100 72
0.275 228 100 72
0.275833 228 100 72
0.276667 229 100 71
0.2775 228 101 71
0.278333 227 102 71
0.279167 227 102 71
0.28 227 102 71
0.280833 227 102 71
0.281667 227 101 72
0.2825 227 101 72
0.283333 227 100 73
0.284167 227 100 73
0.285 227 100 73
0.285833 227 99 74
0.286667 227 98 75
0.2875 227 98 75
0.288333 227 98 75
0.289167 226 99 75
0.29 226 98 76
0.290833 226 98 76
0.291667 226 98 76
0.2925 225 99 76
0.293333 225 99 76
0.294167 225 98 77
0.295 224 99 77
0.295833 224 99 77
0.296667 224 99 77
0.2975 224 98 78
0.298333 223 99 78
0.299167 223 99 78
0.3 223 98 79
0.300833 223 98 79
0.301667 223 98 79
0.3025 223 98 79
0.303333 222 99 79
0.304167 222 98 80
0.305 222 98 80
0.305833 222 98 80
0.306667 222 98 80
0.3075 221 99 80
0.308333 221 98 81
0.309167 220 99 81
0.31 220 99 81
0.310833 220 98 82
0.311667 220 98 82
0.3125 221 98 81
0.313333 221 98 81
0.314167 222 98 80
0.315 222 98 80
0.315833 222 98 80
0.316667 222 98 80
0.3175 222 98 80
0.318333 222 97 81
0.319167 222 96 82
0.32 222 96 82
0.320833 222 96 82
0.321667 222 96 82
0.3225 222 95 83
0.323333 221 96 83
0.324167 221 95 84
0.325 221 95 84
0.325833 221 95 84
0.326667 221 95 84
0.3275 220 96 84
0.328333 220 96 84
0.329167 220 96 84
0.33 220 96 84
0.330833 220 96 84
0.331667 220 96 84
0.3325 220 96 84
0.333333 220 96 84
0.334167 220 96 84
0.335 220 96 84
0.335833 220 96 84
0.336667 219 96 85
0.3375 219 96 85
0.338333 219 96 85
0.339167 219 96 85
0.34 219 95 86
0.340833 219 95 86
0.341667 219 94 87
0.3425 219 94 87
0.343333 219 94 87
0.344167 219 94 87
0.345 219 93 88
0.345833 218 93 89
0.346667 218 93 89
0.3475 218 93 89
0.348333 218 92 90
0.349167 218 91 91
0.35 218 91 91
0.350833 217 92 91
0.351667 216 93 91
0.3525 216 93 91
0.353333 216 93 91
0.354167 216 93 91
0.355 216 93 91
0.355833 216 93 91
0.356667 216 93 91
0.3575 216 92 92
0.358333 216 92 92
0.359167 216 92 92
0.36 216 92 92
0.360833 217 91 92
0.361667 217 91 92
0.3625 217 90 93
0.363333 217 90 93
0.364167 217 90 93
0.365 217 89 94
0.365833 217 88 95
0.366667 217 87 96
0.3675 217 87 96
0.368333 217 87 96
0.369167 217 87 96
0.37 217 87 96
0.370833 217 87 96
0.371667 216 88 96
0.3725 216 88 96
0.373333 216 88 96
0.374167 216 88 96
0.375 216 88 96
0.375833 216 88 96
0.376667 216 88 96
0.3775 216 88 96
0.378333 216 87 97
0.379167 215 88 97
0.38 214 89 97
0.380833 214 89 97
0.381667 214 89 97
0.3825 213 90 97
0.383333 213 89 98
0.384167 213 89 98
0.385 213 89 98
0.385833 212 89 99
0.386667 211 90 99
0.3875 211 89 100
0.388333 210 90 100
0.389167 210 90 100
0.39 209 90 101
0.390833 210 90 100
0.391667 210 90 100
0.3925 210 89 101
0.393333 210 88 102
0.394167 210 88 102
0.395 210 88 102
0.395833 210 88 102
0.396667 210 88 102
0.3975 211 88 101
0.398333 211 88 101
0.399167 211 87 102
0.4 211 87 102
0.400833 211 87 102
0.401667 211 87 102
0.4025 211 87 102
0.403333 211 87 102
0.404167 211 86 103
0.405 211 86 103
0.405833 212 86 102
0.406667 212 86 102
0.4075 212 85 103
0.408333 212 84 104
0.409167 212 84 104
0.41 212 84 104
0.410833 212 83 105
0.411667 212 82 106
0.4125 212 82 106
0.413333 212 82 106
0.414167 212 82 106
0.415 212 81 107
0.415833 212 81 107
0.416667 212 81 107
0.4175 212 81 107
0.418333 212 81 107
0.419167 212 80 108
0.42 212 80 108
0.420833 212 80 108
0.421667 212 80 108
0.4225 212 80 108
0.423333 212 80 108
0.424167 212 80 108
0.425 212 80 108
0.425833 212 80 108
0.426667 212 80 108
0.4275 212 79 109
0.428333 212 78 110
0.429167 212 78 110
0.43 212 78 110
0.430833 212 78 110
0.431667 212 78 110
0.4325 212 78 110
0.433333 211 79 110
0.434167 211 79 110
0.435 211 79 110
0.435833 211 79 110
0.436667 211 78 111
0.4375 211 78 111
0.438333 211 78 111
0.439167 211 78 111
0.44 211 78 111
0.440833 211 78 111
0.441667 211 78 111
0.4425 211 78 111
0.443333 211 78 111
0.444167 211 78 111
0.445 211 77 112
0.445833 210 78 112
0.446667 210 78 112
0.4475 210 78 112
0.448333 210 78 112
0.449167 209 79 112
0.45 208 80 112
0.450833 208 79 113
0.451667 208 79 113
0.4525 208 79 113
0.453333 207 79 114
0.454167 207 79 114
0.455 207 79 114
0.455833 207 79 114
0.456667 207 79 114
0.4575 206 79 115
0.458333 206 79 115
0.459167 206 79 115
0.46 206 79 115
0.460833 206 79 115
0.461667 206 79 115
0.4625 205 80 115
0.463333 205 80 115
0.464167 205 80 115
0.465 205 80 115
0.465833 205 80 115
0.466667 205 80 115
0.4675 204 80 116
0.468333 204 80 116
0.469167 204 80 116
0.47 204 79 117
0.470833 205 79 116
0.471667 205 79 116
0.4725 205 79 116
0.473333 205 79 116
0.474167 205 79 116
0.475 205 79 116
0.475833 205 79 116
0.476667 205 78 117
0.4775 205 78 117
0.478333 205 77 118
0.479167 204 77 119
0.48 204 77 119
0.480833 204 76 120
0.481667 204 76 120
0.4825 204 76 120
0.483333 204 76 120
0.484167 204 76 120
0.485 204 76 120
0.485833 204 76 120
0.486667 203 76 121
0.4875 203 75 122
0.488333 203 75 122
0.489167 203 75 122
0.49 203 75 122
0.490833 203 74 123
0.491667 203 74 123
0.4925 203 74 123
0.493333 203 73 124
0.494167 203 73 124
0.495 203 72 125
0.495833 203 72 125
0.496667 203 71 126
0.4975 202 72 126
0.498333 202 72 126
0.499167 202 72 126
0.5 202 72 126
0.500833 201 72 127
0.501667 201 72 127
0.5025 201 71 128
0.503333 201 71 128
0.504167 201 71 128
0.505 201 71 128
0.505833 201 71 128
0.506667 201 71 128
0.5075 201 71 128
0.508333 201 71 128
0.509167 201 71 128
0.51 201 71 128
0.510833 201 71 128
0.511667 201 71 128
0.5125 201 71 128
0.513333 202 71 127
0.514167 202 70 128
0.515 202 70 128
0.515833 202 70 128
0.516667 202 70 128
0.5175 202 70 128
0.518333 202 70 128
0.519167 201 71 128
0.52 201 71 128
0.520833 201 71 128
0.521667 201 71 128
0.5225 200 71 129
0.523333 200 71 129
0.524167 200 71 129
0.525 200 71 129
0.525833 200 71 129
0.526667 200 71 129
0.5275 199 72 129
0.528333 199 72 129
0.529167 199 72 129
0.53 199 72 129
0.530833 199 72 129
0.531667 199 72 129
0.5325 199 71 130
0.533333 199 71 130
0.534167 199 70 131
0.535 199 70 131
0.535833 199 70 131
0.536667 199 70 131
0.5375 199 69 132
0.538333 198 70 132
0.539167 199 70 131
0.54 198 70 132
0.540833 198 70 132
0.541667 198 69 133
0.5425 198 69 133
0.543333 198 68 134
0.544167 198 67 135
0.545 198 67 135
0.545833 198 67 135
0.546667 198 67 135
0.5475 198 67 135
0.548333 198 67 135
0.549167 198 67 135
0.55 198 67 135
0.550833 198 66 136
0.551667 198 67 135
0.5525 198 67 135
0.553333 198 67 135
0.554167 198 67 135
0.555 197 68 135
0.555833 197 68 135
0.556667 197 67 136
0.5575 197 67 136
0.558333 197 67 136
0.559167 197 67 136
0.56 197 67 136
0.560833 196 68 136
0.561667 196 68 136
0.5625 196 68 136
0.563333 196 67 137
0.564167 196 66 138
0.565 196 66 138
0.565833 196 66 138
0.566667 196 66 138
0.5675 196 66 138
0.568333 196 66 138
0.569167 196 66 138
0.57 196 66 138
0.570833 196 66 138
0.571667 196 66 138
0.5725 196 66 138
0.573333 196 65 139
0.574167 196 65 139
0.575 197 65 138
0.575833 197 65 138
0.576667 197 65 138
0.5775 197 65 138
0.578333 197 65 138
0.579167 198 65 137
0.58 197 65 138
0.580833 197 65 138
0.581667 197 65 138
0.5825 197 65 138
0.583333 197 65 138
0.584167 198 64 138
0.585 198 64 138
0.585833 198 63 139
0.586667 198 63 139
0.5875 198 63 139
0.588333 198 63 139
0.589167 198 63 139
0.59 197 64 139
0.590833 197 64 139
0.591667 197 63 140
0.5925 196 64 140
0.593333 196 64 140
0.594167 196 64 140
0.595 196 64 140
0.595833 196 63 141
0.596667 195 64 141
0.5975 195 64 141
0.598333 195 64 141
0.599167 195 64 141
0.6 195 63 142
0.600833 195 63 142
0.601667 195 63 142
0.6025 195 63 142
0.603333 195 63 142
0.604167 195 63 142
0.605 195 63 142
0.605833 195 63 142
0.606667 195 63 142
0.6075 195 63 142
0.608333 195 63 142
0.609167 195 62 143
0.61 195 61 144
0.610833 195 61 144
0.611667 195 61 144
0.6125 195 61 144
0.613333 195 61 144
0.614167 194 62 144
0.615 194 62 144
0.615833 193 63 144
0.616667 193 62 145
0.6175 193 62 145
0.618333 193 62 145
0.619167 194 61 145
0.62 195 61 144
0.620833 195 61 144
0.621667 195 61 144
0.6225 195 61 144
0.623333 195 61 144
0.624167 195 60 145
0.625 195 60 145
0.625833 195 60 145
0.626667 194 61 145
0.6275 194 61 145
0.628333 194 61 145
0.629167 194 61 145
0.63 194 61 145
0.630833 194 61 145
0.631667 194 61 145
0.6325 194 60 146
0.633333 195 60 145
0.634167 195 60 145
0.635 195 60 145
0.635833 195 60 145
0.636667 195 60 145
0.6375 195 60 145
0.638333 195 60 145
0.639167 195 60 145
0.64 195 60 145
0.640833 194 61 145
0.641667 194 61 145
0.6425 194 61 145
0.643333 193 62 145
0.644167 193 62 145
0.645 193 62 145
0.645833 192 62 146
0.646667 192 62 146
0.6475 192 62 146
0.648333 192 61 147
0.649167 192 61 147
0.65 192 61 147
0.650833 192 61 147
0.651667 192 61 147
0.6525 192 61 147
0.653333 191 61 148
0.654167 191 61 148
0.655 191 61 148
0.655833 191 61 148
0.656667 191 61 148
0.6575 191 60 149
0.658333 191 60 149
0.659167 190 61 149
0.66 190 61 149
0.660833 189 61 150
0.661667 189 61 150
0.6625 189 61 150
0.663333 189 61 150
0.664167 189 61 150
0.665 189 61 150
0.665833 189 61 150
0.666667 189 61 150
0.6675 189 61 150
0.668333 190 61 149
0.669167 190 61 149
0.67 190 61 149
0.670833 190 61 149
0.671667 190 61 149
0.6725 190 61 149
0.673333 190 61 149
0.674167 190 61 149
0.675 190 61 149
0.675833 190 61 149
0.676667 190 61 149
0.6775 189 61 150
0.678333 189 61 150
0.679167 189 61 150
0.68 189 61 150
0.680833 189 61 150
0.681667 189 61 150
0.6825 189 61 150
0.683333 189 61 150
0.684167 189 61 150
0.685 189 61 150
0.685833 189 61 150
0.686667 189 61 150
0.6875 189 61 150
0.688333 189 61 150
0.689167 188 62 150
0.69 188 62 150
0.690833 188 62 150
0.691667 188 62 150
0.6925 188 62 150
0.693333 188 62 150
0.694167 188 62 150
0.695 188 62 150
0.695833 188 62 150
0.696667 188 62 150
0.6975 188 62 150
0.698333 188 62 150
0.699167 188 62 150
0.7 188 62 150
0.700833 188 62 150
0.701667 188 62 150
0.7025 187 63 150
0.703333 187 63 150
0.704167 188 63 149
0.705 188 62 150
0.705833 188 62 150
0.706667 188 62 150
0.7075 188 62 150
0.708333 188 62 150
0.709167 189 62 149
0.71 190 62 148
0.710833 189 63 148
0.711667 189 63 148
0.7125 189 63 148
0.713333 189 63 148
0.714167 189 62 149
0.715 188 62 150
0.715833 187 63 150
0.716667 187 63 150
0.7175 187 63 150
0.718333 187 63 150
0.719167 187 63 150
0.72 187 62 151
0.720833 187 61 152
0.721667 187 61 152
0.7225 187 61 152
0.723333 187 61 152
0.724167 187 61 152
0.725 187 61 152
0.725833 187 61 152
0.726667 187 61 152
0.7275 186 62 152
0.728333 186 62 152
0.729167 186 62 152
0.73 186 62 152
0.730833 186 62 152
0.731667 186 62 152
0.7325 186 62 152
0.733333 186 62 152
0.734167 186 62 152
0.735 186 62 152
0.735833 186 62 152
0.736667 186 62 152
0.7375 185 63 152
0.738333 185 63 152
0.739167 185 62 153
0.74 185 62 153
0.740833 185 62 153
0.741667 184 63 153
0.7425 184 63 153
0.743333 184 63 153
0.744167 184 63 153
0.745 184 63 153
0.745833 184 63 153
0.746667 184 63 153
0.7475 185 63 152
0.748333 185 63 152
0.749167 185 63 152
0.75 185 63 152
0.750833 185 62 153
0.751667 185 62 153
0.7525 185 62 153
0.753333 185 61 154
0.754167 184 62 154
0.755 184 62 154
0.755833 184 62 154
0.756667 184 62 154
0.7575 184 62 154
0.758333 184 62 154
0.759167 184 62 154
0.76 184 62 154
0.760833 185 62 153
0.761667 185 62 153
0.7625 185 61 154
0.763333 186 61 153
0.764167 186 61 153
0.765 186 61 153
0.765833 187 61 152
0.766667 187 61 152
0.7675 187 61 152
0.768333 187 61 152
0.769167 187 61 152
0.77 186 62 152
0.770833 186 62 152
0.771667 186 62 152
0.7725 186 62 152
0.773333 186 61 153
0.774167 185 62 153
0.775 185 62 153
0.775833 185 61 154
0.776667 185 61 154
0.7775 185 61 154
0.778333 185 61 154
0.779167 185 61 154
0.78 186 61 153
0.780833 186 61 153
0.781667 186 61 153
0.7825 187 61 152
0.783333 187 61 152
0.784167 186 62 152
0.785 186 61 153
0.785833 186 61 153
0.786667 186 61 153
0.7875 186 61 153
0.788333 185 62 153
0.789167 185 62 153
0.79 185 62 153
0.790833 185 62 153
0.791667 184 63 153
0.7925 184 62 154
0.793333 185 62 153
0.794167 185 61 154
0.795 185 61 154
0.795833 185 60 155
0.796667 185 60 155
0.7975 184 61 155
0.798333 184 61 155
0.799167 184 60 156
0.8 184 60 156
0.800833 184 60 156
0.801667 184 59 157
0.8025 184 59 157
0.803333 184 59 157
0.804167 184 59 157
0.805 184 59 157
0.805833 184 59 157
0.806667 184 59 157
0.8075 183 60 157
0.808333 183 60 157
0.809167 183 60 157
0.81 183 60 157
0.810833 183 59 158
0.811667 183 59 158
0.8125 183 59 158
0.813333 183 59 158
0.814167 183 59 158
0.815 183 59 158
0.815833 183 59 158
0.816667 183 59 158
0.8175 183 59 158
0.818333 182 59 159
0.819167 182 59 159
0.82 182 58 160
0.820833 183 58 159
0.821667 183 58 159
0.8225 183 58 159
0.823333 183 58 159
0.824167 183 58 159
0.825 183 58 159
0.825833 183 58 159
0.826667 183 58 159
0.8275 182 59 159
0.828333 181 59 160
0.829167 181 58 161
0.83 180 59 161
0.830833 180 59 161
0.831667 180 59 161
0.8325 180 59 161
0.833333 180 58 162
------------------------------
D
t S I R
0 300 100 0
0.000625 300 100 0
0.00125 300 100 0
0.001875 300 100 0
0.0025 300 100 0
0.003125 299 101 0
0.00375 299 101 0
0.004375 299 101 0
0.005 299 101 0
0.005625 298 102 0
0.00625 298 101 1
0.006875 297 102 1
0.0075 296 103 1
0.008125 296 103 1
0.00875 296 103 1
0.009375 296 102 2
0.01 296 102 2
0.010625 296 101 3
0.01125 296 101 3
0.011875 296 101 3
0.0125 296 101 3
0.013125 296 101 3
0.01375 295 102 3
0.014375 294 103 3
0.015 294 102 4
0.015625 294 102 4
0.01625 294 102 4
0.016875 294 102 4
0.0175 294 102 4
0.018125 293 103 4
0.01875 293 103 4
0.019375 293 103 4
0.02 293 103 4
0.020625 292 104 4
0.02125 292 104 4
0.021875 291 105 4
0.0225 291 105 4
0.023125 291 104 5
0.02375 291 104 5
0.024375 290 105 5
0.025 289 105 6
0.025625 289 105 6
0.02625 289 105 6
0.026875 289 104 7
0.0275 289 103 8
0.028125 289 103 8
0.02875 289 103 8
0.029375 289 102 9
0.03 289 101 10
0.030625 289 101 10
0.03125 289 101 10
0.031875 289 101 10
0.0325 289 101 10
0.033125 289 100 11
0.03375 289 99 12
0.034375 289 98 13
0.035 289 98 13
0.035625 289 98 13
0.03625 289 97 14
0.036875 289 96 15
0.0375 288 96 16
0.038125 288 96 16
0.03875 288 95 17
0.039375 287 96 17
0.04 286 97 17
0.040625 286 97 17
0.04125 286 96 18
0.041875 286 96 18
0.0425 285 97 18
0.043125 285 97 18
0.04375 285 97 18
0.044375 285 97 18
0.045 285 97 18
0.045625 284 98 18
0.04625 283 99 18
0.046875 282 99 19
0.0475 282 99 19
0.048125 282 99 19
0.04875 282 98 20
0.049375 281 99 20
0.05 281 99 20
0.050625 281 98 21
0.05125 281 98 21
0.051875 281 97 22
0.0525 281 96 23
0.053125 281 96 23
0.05375 281 96 23
0.054375 281 96 23
0.055 281 96 23
0.055625 281 96 23
0.05625 281 95 24
0.056875 281 95 24
0.0575 281 95 24
0.058125 280 96 24
0.05875 280 96 24
0.059375 279 97 24
0.06 279 97 24
0.060625 279 96 25
0.06125 279 96 25
0.061875 279 96 25
0.0625 279 96 25
0.063125 279 96 25
0.06375 279 96 25
0.064375 279 96 25
0.065 279 96 25
0.065625 279 96 25
0.06625 279 96 25
0.066875 279 96 25
0.0675 279 96 25
0.068125 278 97 25
0.06875 278 97 25
0.069375 278 97 25
0.07 278 97 25
0.070625 278 97 25
0.07125 278 97 25
0.071875 278 97 25
0.0725 278 96 26
0.073125 278 96 26
0.07375 278 95 27
0.074375 278 95 27
0.075 278 95 27
0.075625 278 95 27
0.07625 277 96 27
0.076875 277 96 27
0.0775 277 96 27
0.078125 276 97 27
0.07875 276 97 27
0.079375 276 97 27
0.08 275 98 27
0.080625 275 98 27
0.08125 275 98 27
0.081875 275 97 28
0.0825 275 97 28
0.083125 274 97 29
0.08375 274 97 29
0.084375 274 96 30
0.085 274 96 30
0.085625 274 96 30
0.08625 274 96 30
0.086875 274 96 30
0.0875 274 96 30
0.088125 273 97 30
0.08875 273 97 30
0.089375 273 97 30
0.09 273 97 30
0.090625 273 97 30
0.09125 272 98 30
0.091875 272 98 30
0.0925 271 98 31
0.093125 270 99 31
0.09375 270 99 31
0.094375 270 99 31
0.095 270 98 32
0.095625 269 98 33
0.09625 269 97 34
0.096875 269 97 34
0.0975 268 98 34
0.098125 267 99 34
0.09875 267 99 34
0.099375 267 98 35
0.1 267 98 35
0.100625 267 98 35
0.10125 268 98 34
0.101875 268 98 34
0.1025 267 98 35
0.103125 267 98 35
0.10375 267 97 36
0.104375 267 97 36
0.105 267 96 37
0.105625 267 96 37
0.10625 267 95 38
0.106875 267 95 38
0.1075 267 95 38
0.108125 267 94 39
0.10875 267 93 40
0.109375 267 93 40
0.11 267 93 40
0.110625 267 93 40
0.11125 267 93 40
0.111875 267 92 41
0.1125 267 92 41
0.113125 267 92 41
0.11375 267 92 41
0.114375 267 92 41
0.115 267 91 42
0.115625 267 91 42
0.11625 268 91 41
0.116875 268 91 41
0.1175 267 92 41
0.118125 268 92 40
0.11875 268 91 41
0.119375 268 90 42
0.12 267 91 42
0.120625 267 90 43
0.12125 266 91 43
0.121875 266 91 43
0.1225 265 92 43
0.123125 265 91 44
0.12375 265 91 44
0.124375 264 92 44
0.125 264 92 44
0.125625 264 92 44
0.12625 264 92 44
0.126875 264 92 44
0.1275 264 92 44
0.128125 264 92 44
0.12875 264 92 44
0.129375 264 92 44
0.13 264 91 45
0.130625 264 91 45
0.13125 264 91 45
0.131875 264 91 45
0.1325 264 91 45
0.133125 264 91 45
0.13375 264 91 45
0.134375 263 92 45
0.135 263 92 45
0.135625 263 92 45
0.13625 263 91 46
0.136875 263 91 46
0.1375 263 91 46
0.138125 263 91 46
0.13875 263 91 46
0.139375 263 91 46
0.14 263 91 46
0.140625 263 91 46
0.14125 263 90 47
0.141875 263 90 47
0.1425 262 91 47
0.143125 262 91 47
0.14375 262 91 47
0.144375 262 90 48
0.145 262 90 48
0.145625 262 90 48
0.14625 262 90 48
0.146875 262 90 48
0.1475 262 90 48
0.148125 262 90 48
0.14875 261 90 49
0.149375 260 91 49
0.15 261 91 48
0.150625 261 91 48
0.15125 261 91 48
0.151875 261 91 48
0.1525 261 91 48
0.153125 261 90 49
0.15375 261 90 49
0.154375 261 90 49
0.155 260 91 49
0.155625 260 91 49
0.15625 260 91 49
0.156875 260 91 49
0.1575 260 91 49
0.158125 260 90 50
0.15875 259 91 50
0.159375 259 91 50
0.16 259 91 50
0.160625 259 91 50
0.16125 259 91 50
0.161875 258 92 50
0.1625 258 92 50
0.163125 258 92 50
0.16375 257 93 50
0.164375 257 93 50
0.165 257 93 50
0.165625 257 93 50
0.16625 257 93 50
0.166875 257 93 50
0.1675 258 93 49
0.168125 258 93 49
0.16875 258 92 50
0.169375 257 93 50
0.17 256 94 50
0.170625 256 93 51
0.17125 256 93 51
0.171875 256 93 51
0.1725 255 94 51
0.173125 255 94 51
0.17375 254 95 51
0.174375 254 95 51
0.175 253 96 51
0.175625 253 95 52
0.17625 253 95 52
0.176875 253 95 52
0.1775 253 95 52
0.178125 253 94 53
0.17875 253 93 54
0.179375 253 93 54
0.18 253 93 54
0.180625 253 92 55
0.18125 253 92 55
0.181875 253 92 55
0.1825 253 92 55
0.183125 253 92 55
0.18375 253 92 55
0.184375 253 92 55
0.185 254 92 54
0.185625 253 92 55
0.18625 253 92 55
0.186875 253 92 55
0.1875 253 92 55
0.188125 253 92 55
0.18875 253 92 55
0.189375 253 92 55
0.19 253 92 55
0.190625 253 92 55
0.19125 253 91 56
0.191875 253 90 57
0.1925 253 90 57
0.193125 253 89 58
0.19375 253 88 59
0.194375 253 88 59
0.195 253 87 60
0.195625 252 87 61
0.19625 252 87 61
0.196875 252 87 61
0.1975 252 86 62
0.198125 252 86 62
0.19875 252 86 62
0.199375 252 85 63
0.2 252 84 64
0.200625 252 84 64
0.20125 252 84 64
0.201875 252 84 64
0.2025 251 84 65
0.203125 251 83 66
0.20375 251 83 66
0.204375 251 83 66
0.205 251 82 67
0.205625 250 83 67
0.20625 250 83 67
0.206875 250 82 68
0.2075 250 81 69
0.208125 250 81 69
0.20875 250 81 69
0.209375 249 82 69
0.21 249 82 69
0.210625 250 82 68
0.21125 250 81 69
0.211875 250 81 69
0.2125 250 81 69
0.213125 249 81 70
0.21375 248 82 70
0.214375 247 83 70
0.215 247 83 70
0.215625 247 83 70
0.21625 247 83 70
0.216875 247 82 71
0.2175 247 82 71
0.218125 247 82 71
0.21875 247 81 72
0.219375 247 80 73
0.22 247 80 73
0.220625 247 80 73
0.22125 247 80 73
0.221875 247 79 74
0.2225 247 79 74
0.223125 247 79 74
0.22375 247 79 74
0.224375 247 79 74
0.225 247 79 74
0.225625 247 79 74
0.22625 247 78 75
0.226875 247 78 75
0.2275 248 78 74
0.228125 248 77 75
0.22875 247 77 76
0.229375 247 77 76
0.23 247 77 76
0.230625 247 77 76
0.23125 247 77 76
0.231875 247 77 76
0.2325 247 77 76
0.233125 247 77 76
0.23375 247 77 76
0.234375 247 77 76
0.235 247 77 76
0.235625 247 77 76
0.23625 247 77 76
0.236875 247 77 76
0.2375 247 77 76
0.238125 247 77 76
0.23875 247 77 76
0.239375 246 78 76
0.24 245 79 76
0.240625 245 78 77
0.24125 245 78 77
0.241875 245 77 78
0.2425 245 77 78
0.243125 245 77 78
0.24375 245 77 78
0.244375 245 77 78
0.245 245 77 78
0.245625 245 76 79
0.24625 245 76 79
0.246875 245 76 79
0.2475 245 75 80
0.248125 245 74 81
0.24875 245 74 81
0.249375 245 74 81
0.25 245 74 81
0.250625 245 74 81
0.25125 246 74 80
0.251875 246 74 80
0.2525 246 74 80
0.253125 246 73 81
0.25375 245 74 81
0.254375 245 73 82
0.255 245 73 82
0.255625 245 73 82
0.25625 245 72 83
0.256875 245 72 83
0.2575 245 72 83
0.258125 245 71 84
0.25875 245 71 84
0.259375 245 71 84
0.26 245 71 84
0.260625 245 71 84
0.26125 245 71 84
0.261875 245 71 84
0.2625 245 71 84
0.263125 245 71 84
0.26375 245 71 84
0.264375 245 71 84
0.265 245 71 84
0.265625 245 70 85
0.26625 245 69 86
0.266875 245 69 86
0.2675 245 69 86
0.268125 245 69 86
0.26875 245 68 87
0.269375 245 67 88
0.27 245 67 88
0.270625 245 67 88
0.27125 245 67 88
0.271875 245 67 88
0.2725 245 67 88
0.273125 245 66 89
0.27375 245 66 89
0.274375 245 66 89
0.275 245 66 89
0.275625 245 66 89
0.27625 245 66 89
0.276875 245 66 89
0.2775 245 66 89
0.278125 245 66 89
0.27875 245 66 89
0.279375 244 67 89
0.28 244 67 89
0.280625 244 67 89
0.28125 244 67 89
0.281875 244 66 90
0.2825 244 66 90
0.283125 244 66 90
0.28375 243 67 90
0.284375 243 67 90
0.285 243 67 90
0.285625 243 66 91
0.28625 243 66 91
0.286875 243 66 91
0.2875 243 66 91
0.288125 243 66 91
0.28875 243 66 91
0.289375 243 66 91
0.29 244 66 90
0.290625 245 66 89
0.29125 245 66 89
0.291875 244 67 89
0.2925 245 67 88
0.293125 245 66 89
0.29375 245 66 89
0.294375 245 66 89
0.295 245 66 89
0.295625 245 65 90
0.29625 245 65 90
0.296875 245 65 90
0.2975 245 65 90
0.298125 245 65 90
0.29875 245 65 90
0.299375 245 65 90
0.3 245 65 90
0.300625 245 64 91
0.30125 245 64 91
0.301875 245 64 91
0.3025 245 64 91
0.303125 245 63 92
0.30375 245 63 92
0.304375 245 63 92
0.305 246 63 91
0.305625 246 63 91
0.30625 246 63 91
0.306875 246 63 91
0.3075 246 63 91
0.308125 246 63 91
0.30875 246 63 91
0.309375 246 63 91
0.31 246 63 91
0.310625 246 63 91
0.31125 246 63 91
0.311875 245 63 92
0.3125 245 62 93
0.313125 245 62 93
0.31375 244 63 93
0.314375 243 64 93
0.315 243 64 93
0.315625 243 64 93
0.31625 243 64 93
0.316875 243 63 94
0.3175 243 63 94
0.318125 242 64 94
0.31875 242 64 94
0.319375 242 64 94
0.32 242 64 94
0.320625 242 64 94
0.32125 242 63 95
0.321875 241 64 95
0.3225 240 65 95
0.323125 239 66 95
0.32375 239 66 95
0.324375 239 65 96
0.325 239 65 96
0.325625 239 65 96
0.32625 238 66 96
0.326875 238 66 96
0.3275 238 66 96
0.328125 237 67 96
0.32875 237 66 97
0.329375 237 66 97
0.33 237 66 97
0.330625 236 66 98
0.33125 236 66 98
0.331875 236 66 98
0.3325 236 65 99
0.333125 235 66 99
0.33375 235 66 99
0.334375 235 66 99
0.335 235 66 99
0.335625 235 66 99
0.33625 235 65 100
0.336875 235 65 100
0.3375 235 65 100
0.338125 235 65 100
0.33875 235 65 100
0.339375 235 65 100
0.34 235 65 100
0.340625 235 65 100
0.34125 235 65 100
0.341875 236 64 100
0.3425 236 64 100
0.343125 236 64 100
0.34375 236 63 101
0.344375 236 63 101
0.345 236 63 101
0.345625 236 62 102
0.34625 236 61 103
0.346875 236 61 103
0.3475 236 61 103
0.348125 236 61 103
0.34875 236 61 103
0.349375 236 61 103
0.35 236 61 103
0.350625 236 61 103
0.35125 236 60 104
0.351875 236 60 104
0.3525 235 61 104
0.353125 235 61 104
0.35375 235 61 104
0.354375 235 61 104
0.355 235 61 104
0.355625 235 60 105
0.35625 235 60 105
0.356875 235 60 105
0.3575 235 60 105
0.358125 235 60 105
0.35875 235 60 105
0.359375 235 60 105
0.36 235 60 105
0.360625 234 61 105
0.36125 234 61 105
0.361875 234 61 105
0.3625 234 61 105
0.363125 234 61 105
0.36375 234 61 105
0.364375 234 61 105
0.365 234 60 106
0.365625 234 59 107
0.36625 234 59 107
0.366875 234 59 107
0.3675 234 59 107
0.368125 234 59 107
0.36875 234 59 107
0.369375 234 59 107
0.37 234 59 107
0.370625 234 59 107
0.37125 234 59 107
0.371875 234 59 107
0.3725 234 58 108
0.373125 234 58 108
0.37375 234 58 108
0.374375 234 58 108
0.375 234 58 108
0.375625 234 58 108
0.37625 234 58 108
0.376875 234 58 108
0.3775 234 58 108
0.378125 234 58 108
0.37875 234 58 108
0.379375 233 58 109
0.38 233 58 109
0.380625 233 58 109
0.38125 232 58 110
0.381875 232 58 110
0.3825 232 58 110
0.383125 232 58 110
0.38375 232 57 111
0.384375 232 57 111
0.385 232 57 111
0.385625 232 57 111
0.38625 232 57 111
0.386875 232 57 111
0.3875 232 57 111
0.388125 232 57 111
0.38875 232 57 111
0.389375 232 57 111
0.39 232 57 111
0.390625 232 56 112
0.39125 232 56 112
0.391875 232 56 112
0.3925 231 57 112
0.393125 231 57 112
0.39375 231 57 112
0.394375 231 57 112
0.395 231 56 113
0.395625 231 56 113
0.39625 231 56 113
0.396875 231 56 113
0.3975 231 56 113
0.398125 231 56 113
0.39875 231 56 113
0.399375 231 56 113
0.4 231 56 113
0.400625 230 57 113
0.40125 230 56 114
0.401875 230 56 114
0.4025 230 55 115
0.403125 230 55 115
0.40375 230 55 115
0.404375 230 55 115
0.405 231 55 114
0.405625 230 56 114
0.40625 230 56 114
0.406875 230 56 114
0.4075 230 56 114
0.408125 230 56 114
0.40875 229 57 114
0.409375 229 57 114
0.41 228 58 114
0.410625 229 58 113
0.41125 229 57 114
0.411875 228 57 115
0.4125 227 58 115
0.413125 226 59 115
0.41375 226 59 115
0.414375 226 58 116
0.415 226 58 116
0.415625 226 58 116
0.41625 226 58 116
0.416875 226 58 116
0.4175 226 58 116
0.418125 226 57 117
0.41875 226 57 117
0.419375 226 56 118
0.42 226 56 118
0.420625 225 57 118
0.42125 226 56 118
0.421875 226 56 118
0.4225 226 56 118
0.423125 226 56 118
0.42375 226 56 118
0.424375 226 55 119
0.425 226 55 119
0.425625 226 55 119
0.42625 226 55 119
0.426875 225 56 119
0.4275 225 56 119
0.428125 225 56 119
0.42875 225 55 120
0.429375 225 55 120
0.43 225 55 120
0.430625 224 56 120
0.43125 224 55 121
0.431875 224 55 121
0.4325 224 55 121
0.433125 225 55 120
0.43375 225 55 120
0.434375 224 56 120
0.435 224 56 120
0.435625 224 56 120
0.43625 223 57 120
0.436875 223 57 120
0.4375 223 57 120
0.438125 223 56 121
0.43875 222 57 121
0.439375 222 57 121
0.44 222 57 121
0.440625 222 57 121
0.44125 222 56 122
0.441875 222 56 122
0.4425 222 56 122
0.443125 222 56 122
0.44375 222 56 122
0.444375 222 56 122
0.445 221 57 122
0.445625 221 57 122
0.44625 221 57 122
0.446875 221 57 122
0.4475 220 58 122
0.448125 220 57 123
0.44875 219 58 123
0.449375 219 58 123
0.45 219 58 123
0.450625 219 58 123
0.45125 219 58 123
0.451875 219 58 123
0.4525 219 58 123
0.453125 219 58 123
0.45375 219 58 123
0.454375 219 58 123
0.455 219 58 123
0.455625 219 57 124
0.45625 219 57 124
0.456875 219 57 124
0.4575 219 57 124
0.458125 219 56 125
0.45875 219 56 125
0.459375 219 55 126
0.46 219 55 126
0.460625 219 55 126
0.46125 219 55 126
0.461875 219 54 127
0.4625 219 54 127
0.463125 219 54 127
0.46375 219 54 127
0.464375 219 54 127
0.465 219 54 127
0.465625 218 55 127
0.46625 218 55 127
0.466875 218 55 127
0.4675 218 55 127
0.468125 218 55 127
0.46875 218 54 128
0.469375 218 54 128
0.47 218 54 128
0.470625 218 54 128
0.47125 218 54 128
0.471875 218 54 128
0.4725 218 54 128
0.473125 218 54 128
0.47375 218 54 128
0.474375 218 54 128
0.475 218 54 128
0.475625 218 54 128
0.47625 218 53 129
0.476875 218 53 129
0.4775 218 53 129
0.478125 218 53 129
0.47875 218 53 129
0.479375 218 53 129
0.48 218 52 130
0.480625 218 52 130
0.48125 218 52 130
0.481875 218 52 130
0.4825 218 52 130
0.483125 218 52 130
0.48375 218 52 130
0.484375 218 52 130
0.485 218 52 130
0.485625 218 52 130
0.48625 218 52 130
0.486875 219 52 129
0.4875 219 52 129
0.488125 219 52 129
0.48875 219 52 129
0.489375 219 52 129
0.49 219 52 129
0.490625 219 52 129
0.49125 219 52 129
0.491875 218 53 129
0.4925 218 52 130
0.493125 218 52 130
0.49375 218 52 130
0.494375 218 52 130
0.495 218 52 130
0.495625 218 52 130
0.49625 217 53 130
0.496875 217 53 130
0.4975 217 53 130
0.498125 217 53 130
0.49875 217 53 130
0.499375 217 53 130
0.5 217 53 130
0.500625 217 53 130
0.50125 217 53 130
0.501875 218 53 129
0.5025 218 52 130
0.503125 218 52 130
0.50375 217 53 130
0.504375 217 52 131
0.505 217 52 131
0.505625 217 52 131
0.50625 217 52 131
0.506875 217 52 131
0.5075 217 52 131
0.508125 216 53 131
0.50875 216 53 131
0.509375 216 53 131
0.51 216 53 131
0.510625 216 53 131
0.51125 216 53 131
0.511875 216 53 131
0.5125 216 53 131
0.513125 216 53 131
0.51375 216 53 131
0.514375 216 52 132
0.515 216 51 133
0.515625 216 51 133
0.51625 216 51 133
0.516875 216 51 133
0.5175 216 51 133
0.518125 216 51 133
0.51875 216 51 133
0.519375 216 51 133
0.52 216 51 133
0.520625 216 51 133
0.52125 216 50 134
0.521875 216 50 134
0.5225 216 50 134
0.523125 216 50 134
0.52375 216 50 134
0.524375 216 50 134
0.525 216 50 134
0.525625 216 50 134
0.52625 216 49 135
0.526875 216 49 135
0.5275 216 48 136
0.528125 216 48 136
0.52875 216 48 136
0.529375 216 48 136
0.53 216 48 136
0.530625 216 48 136
0.53125 216 48 136
0.531875 216 48 136
0.5325 216 48 136
0.533125 216 48 136
0.53375 216 48 136
0.534375 216 48 136
0.535 217 47 136
0.535625 217 47 136
0.53625 217 47 136
0.536875 217 47 136
0.5375 216 48 136
0.538125 216 48 136
0.53875 216 48 136
0.539375 216 48 136
0.54 216 48 136
0.540625 216 48 136
0.54125 216 48 136
0.541875 216 48 136
0.5425 216 48 136
0.543125 216 48 136
0.54375 216 48 136
0.544375 216 48 136
0.545 216 48 136
0.545625 216 48 136
0.54625 216 48 136
0.546875 216 48 136
0.5475 216 48 136
0.548125 216 48 136
0.54875 215 49 136
0.549375 215 49 136
0.55 215 49 136
0.550625 215 49 136
0.55125 215 49 136
0.551875 215 49 136
0.5525 215 48 137
0.553125 215 48 137
0.55375 214 49 137
0.554375 214 49 137
0.555 213 50 137
0.555625 213 50 137
0.55625 213 50 137
0.556875 213 50 137
0.5575 213 50 137
0.558125 213 50 137
0.55875 213 50 137
0.559375 213 50 137
0.56 213 50 137
0.560625 213 50 137
0.56125 213 50 137
0.561875 213 50 137
0.5625 213 49 138
0.563125 213 49 138
0.56375 213 49 138
0.564375 213 48 139
0.565 213 48 139
0.565625 213 48 139
0.56625 213 48 139
0.566875 213 48 139
0.5675 213 48 139
0.568125 212 49 139
0.56875 212 48 140
0.569375 212 48 140
0.57 212 48 140
0.570625 212 48 140
0.57125 211 49 140
0.571875 211 49 140
0.5725 211 49 140
0.573125 210 50 140
0.57375 210 50 140
0.574375 210 50 140
0.575 210 50 140
0.575625 210 50 140
0.57625 210 50 140
0.576875 210 50 140
0.5775 210 50 140
0.578125 210 50 140
0.57875 210 50 140
0.579375 210 50 140
0.58 210 50 140
0.580625 210 50 140
0.58125 210 50 140
0.581875 210 50 140
0.5825 210 50 140
0.583125 211 49 140
0.58375 211 49 140
0.584375 211 49 140
0.585 211 49 140
0.585625 211 49 140
0.58625 211 49 140
0.586875 211 49 140
0.5875 211 49 140
0.588125 211 49 140
0.58875 211 49 140
0.589375 210 50 140
0.59 210 50 140
0.590625 210 50 140
0.59125 210 50 140
0.591875 210 50 140
0.5925 209 51 140
0.593125 209 51 140
0.59375 209 50 141
0.594375 209 50 141
0.595 209 50 141
0.595625 209 50 141
0.59625 209 50 141
0.596875 208 51 141
0.5975 208 51 141
0.598125 208 51 141
0.59875 208 51 141
0.599375 208 50 142
0.6 208 50 142
0.600625 208 50 142
0.60125 208 50 142
0.601875 208 50 142
0.6025 208 49 143
0.603125 208 49 143
0.60375 208 49 143
0.604375 208 49 143
0.605 208 49 143
0.605625 208 48 144
0.60625 208 48 144
0.606875 208 48 144
0.6075 208 48 144
0.608125 208 48 144
0.60875 208 48 144
0.609375 207 49 144
0.61 207 48 145
0.610625 207 48 145
0.61125 207 48 145
0.611875 207 47 146
0.6125 207 47 146
0.613125 207 47 146
0.61375 207 47 146
0.614375 207 47 146
0.615 207 47 146
0.615625 207 47 146
0.61625 207 47 146
0.616875 207 47 146
0.6175 207 47 146
0.618125 207 47 146
0.61875 206 47 147
0.619375 206 47 147
0.62 206 46 148
0.620625 206 45 149
0.62125 206 44 150
0.621875 206 43 151
0.6225 206 43 151
0.623125 206 43 151
0.62375 206 43 151
0.624375 206 43 151
0.625 206 43 151
------------------------------
