A
t S I R
0 300 100 0
0.1 270 120 10
0.2 238.1 140.4 21.5
0.3 205.746 159.789 34.465
0.4 174.593 176.686 48.7207
0.5 146.181 189.866 63.9533
0.6 121.624 198.634 79.7422
0.7 101.452 202.929 95.6185
0.8 85.6456 203.224 111.13
0.9 73.7969 200.307 125.896
1 65.3097 195.058 139.632
1.1 59.5521 188.291 152.156
1.2 55.9468 180.675 163.378
1.3 54.0074 172.716 173.276
1.4 53.3433 164.772 181.884
1.5 53.648 157.085 189.267
1.6 54.6841 149.804 195.512
1.7 56.2678 143.015 200.717
1.8 58.2565 136.761 204.983
1.9 60.5385 131.052 208.41
2 63.0253 125.88 211.094
2.1 65.6463 121.226 213.128
2.2 68.3447 117.061 214.594
2.3 71.0739 113.356 215.57
2.4 73.7957 110.077 216.127
2.5 76.4789 107.192 216.329
2.6 79.0974 104.671 216.232
2.7 81.6298 102.483 215.887
2.8 84.0584 100.601 215.341
2.9 86.3692 98.9968 214.634
3 88.5506 97.6474 213.802
3.1 90.594 96.5294 212.877
3.2 92.4928 95.6214 211.886
3.3 94.2428 94.9036 210.854
3.4 95.8415 94.3572 209.801
3.5 97.2882 93.9648 208.747
3.6 98.5839 93.71 207.706
3.7 99.7309 93.5773 206.692
3.8 100.733 93.5521 205.715
3.9 101.595 93.6207 204.784
4 102.323 93.77 203.907
4.1 102.923 93.9878 203.089
4.2 103.404 94.2626 202.333
4.3 103.774 94.5835 201.643
4.4 104.041 94.9404 201.019
4.5 104.214 95.324 200.462
4.6 104.303 95.7257 199.971
4.7 104.317 96.1376 199.545
4.8 104.265 96.5526 199.182
4.9 104.157 96.9645 198.878
5 104.002 97.3676 198.631
5.1 103.807 97.7572 198.436
5.2 103.581 98.1294 198.29
5.3 103.331 98.4808 198.188
5.4 103.064 98.8088 198.127
5.5 102.787 99.1116 198.101
5.6 102.505 99.3878 198.108
5.7 102.222 99.6368 198.141
5.8 101.944 99.8582 198.198
5.9 101.674 100.052 198.273
6 101.415 100.22 198.365
6.1 101.17 100.362 198.469
6.2 100.939 100.479 198.582
6.3 100.726 100.573 198.7
6.4 100.531 100.646 198.823
6.5 100.354 100.7 198.946
6.6 100.196 100.736 199.069
6.7 100.056 100.755 199.189
6.8 99.9341 100.761 199.305
6.9 99.8299 100.754 199.416
7 99.7424 100.737 199.521
7.1 99.6707 100.711 199.618
7.2 99.6136 100.678 199.708
7.3 99.5702 100.639 199.791
7.4 99.539 100.596 199.865
7.5 99.5191 100.549 199.931
7.6 99.5091 100.501 199.99
7.7 99.5078 100.452 200.04
7.8 99.5141 100.402 200.084
7.9 99.5268 100.354 200.12
8 99.5449 100.306 200.149
8.1 99.5674 100.26 200.172
8.2 99.5934 100.217 200.19
8.3 99.6219 100.176 200.202
8.4 99.6522 100.138 200.209
8.5 99.6837 100.104 200.213
8.6 99.7156 100.072 200.212
8.7 99.7475 100.043 200.209
8.8 99.7789 100.018 200.203
8.9 99.8093 99.9961 200.195
9 99.8385 99.977 200.184
9.1 99.8662 99.9609 200.173
9.2 99.8921 99.9475 200.16
9.3 99.9162 99.9367 200.147
9.4 99.9382 99.9283 200.133
9.5 99.9582 99.9222 200.12
9.6 99.9762 99.918 200.106
9.7 99.9921 99.9156 200.092
9.8 100.006 99.9148 200.079
9.9 100.018 99.9154 200.067
10 100.028 99.9172 200.055
10.1 100.036 99.92 200.044
10.2 100.043 99.9236 200.034
10.3 100.048 99.9278 200.024
10.4 100.051 99.9326 200.016
10.5 100.054 99.9377 200.008
10.6 100.055 99.9431 200.002
10.7 100.055 99.9486 199.996
10.8 100.055 99.9542 199.991
10.9 100.053 99.9596 199.987
11 100.051 99.965 199.984
11.1 100.049 99.9701 199.981
11.2 100.046 99.975 199.979
11.3 100.043 99.9796 199.977
11.4 100.04 99.9839 199.976
11.5 100.036 99.9879 199.976
11.6 100.032 99.9915 199.976
11.7 100.029 99.9947 199.976
11.8 100.025 99.9976 199.977
11.9 100.022 100 199.978
12 100.019 100.002 199.979
12.1 100.015 100.004 199.98
12.2 100.013 100.006 199.982
12.3 100.01 100.007 199.983
12.4 100.007 100.008 199.985
12.5 100.005 100.009 199.986
12.6 100.003 100.009 199.988
12.7 100.001 100.009 199.989
12.8 99.9995 100.01 199.991
12.9 99.9981 100.01 199.992
13 99.997 100.009 199.994
13.1 99.996 100.009 199.995
13.2 99.9953 100.009 199.996
13.3 99.9947 100.008 199.997
13.4 99.9943 100.008 199.998
13.5 99.994 100.007 199.999
13.6 99.9938 100.006 200
13.7 99.9938 100.006 200
13.8 99.9938 100.005 200.001
13.9 99.994 100.005 200.001
14 99.9942 100.004 200.002
14.1 99.9944 100.003 200.002
14.2 99.9948 100.003 200.002
14.3 99.9951 100.002 200.003
14.4 99.9955 100.002 200.003
14.5 99.9959 100.001 200.003
14.6 99.9963 100.001 200.003
14.7 99.9967 100.001 200.003
14.8 99.9971 100 200.003
14.9 99.9975 100 200.002
15 99.9979 99.9998 200.002
15.1 99.9982 99.9996 200.002
15.2 99.9986 99.9994 200.002
15.3 99.9989 99.9992 200.002
15.4 99.9992 99.9991 200.002
15.5 99.9994 99.999 200.002
15.6 99.9996 99.999 200.001
15.7 99.9999 99.9989 200.001
15.8 100 99.9989 200.001
15.9 100 99.9989 200.001
16 100 99.9989 200.001
16.1 100 99.999 200.001
16.2 100.001 99.999 200
16.3 100.001 99.9991 200
16.4 100.001 99.9991 200
16.5 100.001 99.9992 200
16.6 100.001 99.9993 200
16.7 100.001 99.9993 200
16.8 100.001 99.9994 200
16.9 100.001 99.9995 200
17 100.001 99.9995 200
17.1 100.001 99.9996 200
17.2 100.001 99.9997 200
17.3 100.001 99.9997 200
17.4 100.001 99.9998 200
17.5 100 99.9998 200
17.6 100 99.9999 200
17.7 100 99.9999 200
17.8 100 100 200
17.9 100 100 200
18 100 100 200
18.1 100 100 200
18.2 100 100 200
18.3 100 100 200
18.4 100 100 200
18.5 100 100 200
18.6 100 100 200
18.7 100 100 200
18.8 100 100 200
18.9 100 100 200
19 100 100 200
19.1 100 100 200
19.2 99.9999 100 200
19.3 99.9999 100 200
19.4 99.9999 100 200
19.5 99.9999 100 200
19.6 99.9999 100 200
19.7 99.9999 100 200
19.8 99.9999 100 200
19.9 99.9999 100 200
20 99.9999 100 200
20.1 99.9999 100 200
20.2 99.9999 100 200
20.3 99.9999 100 200
20.4 99.9999 100 200
20.5 99.9999 100 200
20.6 100 100 200
20.7 100 100 200
20.8 100 100 200
20.9 100 100 200
21 100 100 200
21.1 100 100 200
21.2 100 100 200
21.3 100 100 200
21.4 100 100 200
21.5 100 100 200
21.6 100 100 200
21.7 100 100 200
21.8 100 100 200
21.9 100 100 200
22 100 100 200
22.1 100 100 200
22.2 100 100 200
22.3 100 100 200
22.4 100 100 200
22.5 100 100 200
22.6 100 100 200
22.7 100 100 200
22.8 100 100 200
22.9 100 100 200
23 100 100 200
23.1 100 100 200
23.2 100 100 200
23.3 100 100 200
23.4 100 100 200
23.5 100 100 200
23.6 100 100 200
23.7 100 100 200
23.8 100 100 200
23.9 100 100 200
24 100 100 200
24.1 100 100 200
24.2 100 100 200
24.3 100 100 200
24.4 100 100 200
24.5 100 100 200
24.6 100 100 200
24.7 100 100 200
24.8 100 100 200
24.9 100 100 200
25 100 100 200
25.1 100 100 200
25.2 100 100 200
25.3 100 100 200
25.4 100 100 200
25.5 100 100 200
25.6 100 100 200
25.7 100 100 200
25.8 100 100 200
25.9 100 100 200
26 100 100 200
26.1 100 100 200
26.2 100 100 200
26.3 100 100 200
26.4 100 100 200
26.5 100 100 200
26.6 100 100 200
26.7 100 100 200
26.8 100 100 200
26.9 100 100 200
27 100 100 200
27.1 100 100 200
27.2 100 100 200
27.3 100 100 200
27.4 100 100 200
27.5 100 100 200
27.6 100 100 200
27.7 100 100 200
27.8 100 100 200
27.9 100 100 200
28 100 100 200
28.1 100 100 200
28.2 100 100 200
28.3 100 100 200
28.4 100 100 200
28.5 100 100 200
28.6 100 100 200
28.7 100 100 200
28.8 100 100 200
28.9 100 100 200
29 100 100 200
29.1 100 100 200
29.2 100 100 200
29.3 100 100 200
29.4 100 100 200
29.5 100 100 200
29.6 100 100 200
29.7 100 100 200
29.8 100 100 200
29.9 100 100 200
30 100 100 200
30.1 100 100 200
30.2 100 100 200
30.3 100 100 200
30.4 100 100 200
30.5 100 100 200
30.6 100 100 200
30.7 100 100 200
30.8 100 100 200
30.9 100 100 200
31 100 100 200
31.1 100 100 200
31.2 100 100 200
31.3 100 100 200
31.4 100 100 200
31.5 100 100 200
31.6 100 100 200
31.7 100 100 200
31.8 100 100 200
31.9 100 100 200
32 100 100 200
32.1 100 100 200
32.2 100 100 200
32.3 100 100 200
32.4 100 100 200
32.5 100 100 200
32.6 100 100 200
32.7 100 100 200
32.8 100 100 200
32.9 100 100 200
33 100 100 200
33.1 100 100 200
33.2 100 100 200
33.3 100 100 200
33.4 100 100 200
33.5 100 100 200
33.6 100 100 200
33.7 100 100 200
33.8 100 100 200
33.9 100 100 200
34 100 100 200
34.1 100 100 200
34.2 100 100 200
34.3 100 100 200
34.4 100 100 200
34.5 100 100 200
34.6 100 100 200
34.7 100 100 200
34.8 100 100 200
34.9 100 100 200
35 100 100 200
35.1 100 100 200
35.2 100 100 200
35.3 100 100 200
35.4 100 100 200
35.5 100 100 200
35.6 100 100 200
35.7 100 100 200
35.8 100 100 200
35.9 100 100 200
36 100 100 200
36.1 100 100 200
36.2 100 100 200
36.3 100 100 200
36.4 100 100 200
36.5 100 100 200
36.6 100 100 200
36.7 100 100 200
36.8 100 100 200
36.9 100 100 200
37 100 100 200
37.1 100 100 200
37.2 100 100 200
37.3 100 100 200
37.4 100 100 200
37.5 100 100 200
37.6 100 100 200
37.7 100 100 200
37.8 100 100 200
37.9 100 100 200
38 100 100 200
38.1 100 100 200
38.2 100 100 200
38.3 100 100 200
38.4 100 100 200
38.5 100 100 200
38.6 100 100 200
38.7 100 100 200
38.8 100 100 200
38.9 100 100 200
39 100 100 200
39.1 100 100 200
39.2 100 100 200
39.3 100 100 200
39.4 100 100 200
39.5 100 100 200
39.6 100 100 200
39.7 100 100 200
39.8 100 100 200
39.9 100 100 200
40 100 100 200
40.1 100 100 200
40.2 100 100 200
40.3 100 100 200
40.4 100 100 200
40.5 100 100 200
40.6 100 100 200
40.7 100 100 200
40.8 100 100 200
40.9 100 100 200
41 100 100 200
41.1 100 100 200
41.2 100 100 200
41.3 100 100 200
41.4 100 100 200
41.5 100 100 200
41.6 100 100 200
41.7 100 100 200
41.8 100 100 200
41.9 100 100 200
42 100 100 200
42.1 100 100 200
42.2 100 100 200
42.3 100 100 200
42.4 100 100 200
42.5 100 100 200
42.6 100 100 200
42.7 100 100 200
42.8 100 100 200
42.9 100 100 200
43 100 100 200
43.1 100 100 200
43.2 100 100 200
43.3 100 100 200
43.4 100 100 200
43.5 100 100 200
43.6 100 100 200
43.7 100 100 200
43.8 100 100 200
43.9 100 100 200
44 100 100 200
44.1 100 100 200
44.2 100 100 200
44.3 100 100 200
44.4 100 100 200
44.5 100 100 200
44.6 100 100 200
44.7 100 100 200
44.8 100 100 200
44.9 100 100 200
45 100 100 200
45.1 100 100 200
45.2 100 100 200
45.3 100 100 200
45.4 100 100 200
45.5 100 100 200
45.6 100 100 200
45.7 100 100 200
45.8 100 100 200
45.9 100 100 200
46 100 100 200
46.1 100 100 200
46.2 100 100 200
46.3 100 100 200
46.4 100 100 200
46.5 100 100 200
46.6 100 100 200
46.7 100 100 200
46.8 100 100 200
46.9 100 100 200
47 100 100 200
47.1 100 100 200
47.2 100 100 200
47.3 100 100 200
47.4 100 100 200
47.5 100 100 200
47.6 100 100 200
47.7 100 100 200
47.8 100 100 200
47.9 100 100 200
48 100 100 200
48.1 100 100 200
48.2 100 100 200
48.3 100 100 200
48.4 100 100 200
48.5 100 100 200
48.6 100 100 200
48.7 100 100 200
48.8 100 100 200
48.9 100 100 200
49 100 100 200
49.1 100 100 200
49.2 100 100 200
49.3 100 100 200
49.4 100 100 200
49.5 100 100 200
49.6 100 100 200
49.7 100 100 200
49.8 100 100 200
49.9 100 100 200
50 100 100 200
50.1 100 100 200
50.2 100 100 200
50.3 100 100 200
50.4 100 100 200
50.5 100 100 200
50.6 100 100 200
50.7 100 100 200
50.8 100 100 200
50.9 100 100 200
51 100 100 200
51.1 100 100 200
51.2 100 100 200
51.3 100 100 200
51.4 100 100 200
51.5 100 100 200
51.6 100 100 200
51.7 100 100 200
51.8 100 100 200
51.9 100 100 200
52 100 100 200
52.1 100 100 200
52.2 100 100 200
52.3 100 100 200
52.4 100 100 200
52.5 100 100 200
52.6 100 100 200
52.7 100 100 200
52.8 100 100 200
52.9 100 100 200
53 100 100 200
53.1 100 100 200
53.2 100 100 200
53.3 100 100 200
53.4 100 100 200
53.5 100 100 200
53.6 100 100 200
53.7 100 100 200
53.8 100 100 200
53.9 100 100 200
54 100 100 200
54.1 100 100 200
54.2 100 100 200
54.3 100 100 200
54.4 100 100 200
54.5 100 100 200
54.6 100 100 200
54.7 100 100 200
54.8 100 100 200
54.9 100 100 200
55 100 100 200
55.1 100 100 200
55.2 100 100 200
55.3 100 100 200
55.4 100 100 200
55.5 100 100 200
55.6 100 100 200
55.7 100 100 200
55.8 100 100 200
55.9 100 100 200
56 100 100 200
56.1 100 100 200
56.2 100 100 200
56.3 100 100 200
56.4 100 100 200
56.5 100 100 200
56.6 100 100 200
56.7 100 100 200
56.8 100 100 200
56.9 100 100 200
57 100 100 200
57.1 100 100 200
57.2 100 100 200
57.3 100 100 200
57.4 100 100 200
57.5 100 100 200
57.6 100 100 200
57.7 100 100 200
57.8 100 100 200
57.9 100 100 200
58 100 100 200
58.1 100 100 200
58.2 100 100 200
58.3 100 100 200
58.4 100 100 200
58.5 100 100 200
58.6 100 100 200
58.7 100 100 200
58.8 100 100 200
58.9 100 100 200
59 100 100 200
59.1 100 100 200
59.2 100 100 200
59.3 100 100 200
59.4 100 100 200
59.5 100 100 200
59.6 100 100 200
59.7 100 100 200
59.8 100 100 200
59.9 100 100 200
60 100 100 200
60.1 100 100 200
60.2 100 100 200
60.3 100 100 200
60.4 100 100 200
60.5 100 100 200
60.6 100 100 200
60.7 100 100 200
60.8 100 100 200
60.9 100 100 200
61 100 100 200
61.1 100 100 200
61.2 100 100 200
61.3 100 100 200
61.4 100 100 200
61.5 100 100 200
61.6 100 100 200
61.7 100 100 200
61.8 100 100 200
61.9 100 100 200
62 100 100 200
62.1 100 100 200
62.2 100 100 200
62.3 100 100 200
62.4 100 100 200
62.5 100 100 200
62.6 100 100 200
62.7 100 100 200
62.8 100 100 200
62.9 100 100 200
63 100 100 200
63.1 100 100 200
63.2 100 100 200
63.3 100 100 200
63.4 100 100 200
63.5 100 100 200
63.6 100 100 200
63.7 100 100 200
63.8 100 100 200
63.9 100 100 200
64 100 100 200
64.1 100 100 200
64.2 100 100 200
64.3 100 100 200
64.4 100 100 200
64.5 100 100 200
64.6 100 100 200
64.7 100 100 200
64.8 100 100 200
64.9 100 100 200
65 100 100 200
65.1 100 100 200
65.2 100 100 200
65.3 100 100 200
65.4 100 100 200
65.5 100 100 200
65.6 100 100 200
65.7 100 100 200
65.8 100 100 200
65.9 100 100 200
66 100 100 200
66.1 100 100 200
66.2 100 100 200
66.3 100 100 200
66.4 100 100 200
66.5 100 100 200
66.6 100 100 200
66.7 100 100 200
66.8 100 100 200
66.9 100 100 200
67 100 100 200
67.1 100 100 200
67.2 100 100 200
67.3 100 100 200
67.4 100 100 200
67.5 100 100 200
67.6 100 100 200
67.7 100 100 200
67.8 100 100 200
67.9 100 100 200
68 100 100 200
68.1 100 100 200
68.2 100 100 200
68.3 100 100 200
68.4 100 100 200
68.5 100 100 200
68.6 100 100 200
68.7 100 100 200
68.8 100 100 200
68.9 100 100 200
69 100 100 200
69.1 100 100 200
69.2 100 100 200
69.3 100 100 200
69.4 100 100 200
69.5 100 100 200
69.6 100 100 200
69.7 100 100 200
69.8 100 100 200
69.9 100 100 200
70 100 100 200
70.1 100 100 200
70.2 100 100 200
70.3 100 100 200
70.4 100 100 200
70.5 100 100 200
70.6 100 100 200
70.7 100 100 200
70.8 100 100 200
70.9 100 100 200
71 100 100 200
71.1 100 100 200
71.2 100 100 200
71.3 100 100 200
71.4 100 100 200
71.5 100 100 200
71.6 100 100 200
71.7 100 100 200
71.8 100 100 200
71.9 100 100 200
72 100 100 200
72.1 100 100 200
72.2 100 100 200
72.3 100 100 200
72.4 100 100 200
72.5 100 100 200
72.6 100 100 200
72.7 100 100 200
72.8 100 100 200
72.9 100 100 200
73 100 100 200
73.1 100 100 200
73.2 100 100 200
73.3 100 100 200
73.4 100 100 200
73.5 100 100 200
73.6 100 100 200
73.7 100 100 200
73.8 100 100 200
73.9 100 100 200
74 100 100 200
74.1 100 100 200
74.2 100 100 200
74.3 100 100 200
74.4 100 100 200
74.5 100 100 200
74.6 100 100 200
74.7 100 100 200
74.8 100 100 200
74.9 100 100 200
75 100 100 200
75.1 100 100 200
75.2 100 100 200
75.3 100 100 200
75.4 100 100 200
75.5 100 100 200
75.6 100 100 200
75.7 100 100 200
75.8 100 100 200
75.9 100 100 200
76 100 100 200
76.1 100 100 200
76.2 100 100 200
76.3 100 100 200
76.4 100 100 200
76.5 100 100 200
76.6 100 100 200
76.7 100 100 200
76.8 100 100 200
76.9 100 100 200
77 100 100 200
77.1 100 100 200
77.2 100 100 200
77.3 100 100 200
77.4 100 100 200
77.5 100 100 200
77.6 100 100 200
77.7 100 100 200
77.8 100 100 200
77.9 100 100 200
78 100 100 200
78.1 100 100 200
78.2 100 100 200
78.3 100 100 200
78.4 100 100 200
78.5 100 100 200
78.6 100 100 200
78.7 100 100 200
78.8 100 100 200
78.9 100 100 200
79 100 100 200
79.1 100 100 200
79.2 100 100 200
79.3 100 100 200
79.4 100 100 200
79.5 100 100 200
79.6 100 100 200
79.7 100 100 200
79.8 100 100 200
79.9 100 100 200
80 100 100 200
80.1 100 100 200
80.2 100 100 200
80.3 100 100 200
80.4 100 100 200
80.5 100 100 200
80.6 100 100 200
80.7 100 100 200
80.8 100 100 200
80.9 100 100 200
81 100 100 200
81.1 100 100 200
81.2 100 100 200
81.3 100 100 200
81.4 100 100 200
81.5 100 100 200
81.6 100 100 200
81.7 100 100 200
81.8 100 100 200
81.9 100 100 200
82 100 100 200
82.1 100 100 200
82.2 100 100 200
82.3 100 100 200
82.4 100 100 200
82.5 100 100 200
82.6 100 100 200
82.7 100 100 200
82.8 100 100 200
82.9 100 100 200
83 100 100 200
83.1 100 100 200
83.2 100 100 200
83.3 100 100 200
83.4 100 100 200
83.5 100 100 200
83.6 100 100 200
83.7 100 100 200
83.8 100 100 200
83.9 100 100 200
84 100 100 200
84.1 100 100 200
84.2 100 100 200
84.3 100 100 200
84.4 100 100 200
84.5 100 100 200
84.6 100 100 200
84.7 100 100 200
84.8 100 100 200
84.9 100 100 200
85 100 100 200
85.1 100 100 200
85.2 100 100 200
85.3 100 100 200
85.4 100 100 200
85.5 100 100 200
85.6 100 100 200
85.7 100 100 200
85.8 100 100 200
85.9 100 100 200
86 100 100 200
86.1 100 100 200
86.2 100 100 200
86.3 100 100 200
86.4 100 100 200
86.5 100 100 200
86.6 100 100 200
86.7 100 100 200
86.8 100 100 200
86.9 100 100 200
87 100 100 200
87.1 100 100 200
87.2 100 100 200
87.3 100 100 200
87.4 100 100 200
87.5 100 100 200
87.6 100 100 200
87.7 100 100 200
87.8 100 100 200
87.9 100 100 200
88 100 100 200
88.1 100 100 200
88.2 100 100 200
88.3 100 100 200
88.4 100 100 200
88.5 100 100 200
88.6 100 100 200
88.7 100 100 200
88.8 100 100 200
88.9 100 100 200
89 100 100 200
89.1 100 100 200
89.2 100 100 200
89.3 100 100 200
89.4 100 100 200
89.5 100 100 200
89.6 100 100 200
89.7 100 100 200
89.8 100 100 200
89.9 100 100 200
90 100 100 200
90.1 100 100 200
90.2 100 100 200
90.3 100 100 200
90.4 100 100 200
90.5 100 100 200
90.6 100 100 200
90.7 100 100 200
90.8 100 100 200
90.9 100 100 200
91 100 100 200
91.1 100 100 200
91.2 100 100 200
91.3 100 100 200
91.4 100 100 200
91.5 100 100 200
91.6 100 100 200
91.7 100 100 200
91.8 100 100 200
91.9 100 100 200
92 100 100 200
92.1 100 100 200
92.2 100 100 200
92.3 100 100 200
92.4 100 100 200
92.5 100 100 200
92.6 100 100 200
92.7 100 100 200
92.8 100 100 200
92.9 100 100 200
93 100 100 200
93.1 100 100 200
93.2 100 100 200
93.3 100 100 200
93.4 100 100 200
93.5 100 100 200
93.6 100 100 200
93.7 100 100 200
93.8 100 100 200
93.9 100 100 200
94 100 100 200
94.1 100 100 200
94.2 100 100 200
94.3 100 100 200
94.4 100 100 200
94.5 100 100 200
94.6 100 100 200
94.7 100 100 200
94.8 100 100 200
94.9 100 100 200
95 100 100 200
95.1 100 100 200
95.2 100 100 200
95.3 100 100 200
95.4 100 100 200
95.5 100 100 200
95.6 100 100 200
95.7 100 100 200
95.8 100 100 200
95.9 100 100 200
96 100 100 200
96.1 100 100 200
96.2 100 100 200
96.3 100 100 200
96.4 100 100 200
96.5 100 100 200
96.6 100 100 200
96.7 100 100 200
96.8 100 100 200
96.9 100 100 200
97 100 100 200
97.1 100 100 200
97.2 100 100 200
97.3 100 100 200
97.4 100 100 200
97.5 100 100 200
97.6 100 100 200
97.7 100 100 200
97.8 100 100 200
97.9 100 100 200
98 100 100 200
98.1 100 100 200
98.2 100 100 200
98.3 100 100 200
98.4 100 100 200
98.5 100 100 200
98.6 100 100 200
98.7 100 100 200
98.8 100 100 200
98.9 100 100 200
99 100 100 200
99.1 100 100 200
99.2 100 100 200
99.3 100 100 200
99.4 100 100 200
99.5 100 100 200
99.6 100 100 200
99.7 100 100 200
99.8 100 100 200
99.9 100 100 200
100 100 100 200
-----------------------------------------
B
t S I R
0 300 100 0
0.1 270 110 20
0.2 241.3 117.7 41
0.3 214.949 122.561 62.49
0.4 191.729 124.393 83.8777
0.5 172.073 123.364 104.562
0.6 156.074 119.919 124.007
0.7 143.558 114.652 141.791
0.8 134.188 108.18 157.631
0.9 127.553 101.061 171.386
1 123.232 93.7393 183.029
1.1 120.832 86.5431 192.625
1.2 120.006 79.6916 200.303
1.3 120.457 73.3168 206.226
1.4 121.937 67.485 210.578
1.5 124.237 62.2169 213.546
1.6 127.185 57.5032 215.312
1.7 130.637 53.3161 216.047
1.8 134.474 49.6179 215.908
1.9 138.597 46.3666 215.036
2 142.923 43.5196 213.558
2.1 147.381 41.0356 211.584
2.2 151.912 38.8764 209.212
2.3 156.467 37.0069 206.526
2.4 161.003 35.3958 203.601
2.5 165.484 34.0155 200.5
2.6 169.88 32.8414 197.279
2.7 174.165 31.8522 193.983
2.8 178.316 31.0293 190.654
2.9 182.316 30.3565 187.327
3 186.148 29.8197 184.032
3.1 189.799 29.4066 180.795
3.2 193.257 29.1066 177.636
3.3 196.514 28.9104 174.576
3.4 199.561 28.8096 171.629
3.5 202.394 28.797 168.809
3.6 205.006 28.8659 166.128
3.7 207.394 29.0104 163.595
3.8 209.558 29.2249 161.217
3.9 211.494 29.5042 159.002
4 213.204 29.8433 156.952
4.1 214.689 30.2374 155.073
4.2 215.951 30.6816 153.367
4.3 216.994 31.171 151.835
4.4 217.822 31.7007 150.478
4.5 218.44 32.2657 149.294
4.6 218.857 32.8606 148.282
4.7 219.079 33.4803 147.44
4.8 219.117 34.1191 146.764
4.9 218.979 34.7713 146.25
5 218.677 35.4312 145.892
5.1 218.224 36.093 145.683
5.2 217.631 36.7507 145.618
5.3 216.914 37.3987 145.687
5.4 216.086 38.0313 145.882
5.5 215.162 38.6431 146.195
5.6 214.158 39.229 146.613
5.7 213.087 39.7844 147.129
5.8 211.966 40.305 147.729
5.9 210.809 40.7873 148.404
6 209.631 41.2282 149.141
6.1 208.445 41.6252 149.929
6.2 207.265 41.9768 150.758
6.3 206.103 42.2818 151.615
6.4 204.969 42.5398 152.491
6.5 203.874 42.7512 153.374
6.6 202.827 42.9168 154.256
6.7 201.835 43.0381 155.127
6.8 200.905 43.1171 155.978
6.9 200.041 43.1562 156.802
7 199.249 43.1579 157.593
7.1 198.529 43.1255 158.345
7.2 197.885 43.0621 159.053
7.3 197.316 42.971 159.713
7.4 196.823 42.8557 160.322
7.5 196.404 42.7195 160.877
7.6 196.057 42.5659 161.377
7.7 195.781 42.3981 161.821
7.8 195.571 42.2192 162.21
7.9 195.425 42.0322 162.543
8 195.338 41.8399 162.822
8.1 195.306 41.6448 163.049
8.2 195.325 41.4494 163.226
8.3 195.39 41.2556 163.354
8.4 195.497 41.0654 163.438
8.5 195.641 40.8805 163.479
8.6 195.817 40.7023 163.481
8.7 196.021 40.532 163.447
8.8 196.248 40.3707 163.381
8.9 196.494 40.2192 163.286
9 196.756 40.0782 163.166
9.1 197.028 39.9482 163.023
9.2 197.309 39.8295 162.862
9.3 197.593 39.7223 162.685
9.4 197.878 39.6267 162.495
9.5 198.162 39.5426 162.295
9.6 198.441 39.47 162.089
9.7 198.713 39.4084 161.879
9.8 198.976 39.3577 161.666
9.9 199.228 39.3174 161.455
10 199.468 39.287 161.245
10.1 199.693 39.2661 161.041
10.2 199.904 39.2541 160.842
10.3 200.099 39.2503 160.65
10.4 200.278 39.2542 160.468
10.5 200.439 39.2651 160.295
10.6 200.584 39.2824 160.134
10.7 200.711 39.3053 159.983
10.8 200.821 39.3332 159.845
10.9 200.915 39.3656 159.72
11 200.992 39.4016 159.607
11.1 201.053 39.4406 159.507
11.2 201.098 39.4821 159.42
11.3 201.129 39.5255 159.345
11.4 201.147 39.5701 159.283
11.5 201.152 39.6155 159.233
11.6 201.145 39.6612 159.194
11.7 201.127 39.7065 159.167
11.8 201.099 39.7513 159.15
11.9 201.063 39.795 159.143
12 201.018 39.8372 159.144
12.1 200.968 39.8778 159.155
12.2 200.911 39.9164 159.172
12.3 200.85 39.9528 159.197
12.4 200.785 39.9867 159.228
12.5 200.718 40.0181 159.264
12.6 200.649 40.0469 159.304
12.7 200.579 40.0729 159.348
12.8 200.508 40.0961 159.396
12.9 200.439 40.1164 159.445
13 200.37 40.134 159.496
13.1 200.303 40.1489 159.548
13.2 200.239 40.1611 159.6
13.3 200.177 40.1706 159.653
13.4 200.118 40.1777 159.704
13.5 200.063 40.1825 159.754
13.6 200.012 40.185 159.803
13.7 199.964 40.1855 159.85
13.8 199.921 40.1841 159.895
13.9 199.882 40.1809 159.937
14 199.848 40.1762 159.976
14.1 199.817 40.1701 160.012
14.2 199.791 40.1627 160.046
14.3 199.77 40.1543 160.076
14.4 199.752 40.1451 160.103
14.5 199.738 40.1351 160.127
14.6 199.728 40.1246 160.148
14.7 199.721 40.1137 160.165
14.8 199.718 40.1025 160.18
14.9 199.718 40.0912 160.191
15 199.72 40.0798 160.2
15.1 199.725 40.0686 160.206
15.2 199.733 40.0576 160.209
15.3 199.743 40.0469 160.21
15.4 199.754 40.0366 160.209
15.5 199.767 40.0268 160.206
15.6 199.781 40.0175 160.201
15.7 199.797 40.0087 160.195
15.8 199.813 40.0006 160.187
15.9 199.83 39.9931 160.177
16 199.847 39.9863 160.167
16.1 199.864 39.9801 160.156
16.2 199.881 39.9747 160.144
16.3 199.898 39.9699 160.132
16.4 199.915 39.9659 160.119
16.5 199.931 39.9625 160.107
16.6 199.947 39.9597 160.094
16.7 199.961 39.9576 160.081
16.8 199.976 39.956 160.068
16.9 199.989 39.955 160.056
17 200.001 39.9546 160.044
17.1 200.012 39.9546 160.033
17.2 200.022 39.9551 160.022
17.3 200.032 39.956 160.012
17.4 200.04 39.9573 160.003
17.5 200.047 39.9589 159.994
17.6 200.053 39.9607 159.986
17.7 200.058 39.9629 159.979
17.8 200.062 39.9652 159.973
17.9 200.065 39.9677 159.967
18 200.067 39.9703 159.962
18.1 200.069 39.973 159.958
18.2 200.069 39.9757 159.955
18.3 200.069 39.9785 159.952
18.4 200.068 39.9813 159.95
18.5 200.067 39.984 159.949
18.6 200.065 39.9867 159.948
18.7 200.062 39.9893 159.948
18.8 200.059 39.9917 159.949
18.9 200.056 39.9941 159.95
19 200.053 39.9964 159.951
19.1 200.049 39.9985 159.953
19.2 200.045 40.0004 159.955
19.3 200.041 40.0022 159.957
19.4 200.036 40.0038 159.96
19.5 200.032 40.0053 159.963
19.6 200.028 40.0066 159.965
19.7 200.024 40.0077 159.969
19.8 200.02 40.0086 159.972
19.9 200.016 40.0094 159.975
20 200.012 40.0101 159.978
20.1 200.008 40.0105 159.981
20.2 200.005 40.0109 159.984
20.3 200.002 40.0111 159.987
20.4 199.999 40.0112 159.99
20.5 199.996 40.0111 159.993
20.6 199.994 40.011 159.995
20.7 199.992 40.0107 159.998
20.8 199.99 40.0104 160
20.9 199.988 40.01 160.002
21 199.987 40.0095 160.004
21.1 199.985 40.0089 160.006
21.2 199.985 40.0084 160.007
21.3 199.984 40.0077 160.008
21.4 199.983 40.0071 160.01
21.5 199.983 40.0064 160.011
21.6 199.983 40.0058 160.011
21.7 199.983 40.0051 160.012
21.8 199.983 40.0044 160.012
21.9 199.984 40.0037 160.013
22 199.984 40.0031 160.013
22.1 199.985 40.0024 160.013
22.2 199.986 40.0018 160.013
22.3 199.986 40.0013 160.012
22.4 199.987 40.0007 160.012
22.5 199.988 40.0002 160.011
22.6 199.989 39.9998 160.011
22.7 199.99 39.9993 160.01
22.8 199.991 39.9989 160.01
22.9 199.992 39.9986 160.009
23 199.993 39.9983 160.008
23.1 199.994 39.998 160.007
23.2 199.995 39.9978 160.007
23.3 199.996 39.9976 160.006
23.4 199.997 39.9975 160.005
23.5 199.998 39.9974 160.004
23.6 199.999 39.9973 160.004
23.7 200 39.9973 160.003
23.8 200 39.9973 160.002
23.9 200.001 39.9973 160.002
24 200.002 39.9973 160.001
24.1 200.002 39.9974 160
24.2 200.003 39.9975 160
24.3 200.003 39.9976 159.999
24.4 200.003 39.9977 159.999
24.5 200.004 39.9978 159.999
24.6 200.004 39.998 159.998
24.7 200.004 39.9981 159.998
24.8 200.004 39.9983 159.998
24.9 200.004 39.9985 159.997
25 200.004 39.9986 159.997
25.1 200.004 39.9988 159.997
25.2 200.004 39.999 159.997
25.3 200.004 39.9991 159.997
25.4 200.004 39.9993 159.997
25.5 200.004 39.9994 159.997
25.6 200.003 39.9996 159.997
25.7 200.003 39.9997 159.997
25.8 200.003 39.9999 159.997
25.9 200.003 40 159.997
26 200.003 40.0001 159.997
26.1 200.002 40.0002 159.998
26.2 200.002 40.0003 159.998
26.3 200.002 40.0004 159.998
26.4 200.002 40.0004 159.998
26.5 200.001 40.0005 159.998
26.6 200.001 40.0006 159.998
26.7 200.001 40.0006 159.999
26.8 200.001 40.0006 159.999
26.9 200 40.0006 159.999
27 200 40.0007 159.999
27.1 200 40.0007 159.999
27.2 200 40.0007 159.999
27.3 200 40.0007 160
27.4 200 40.0007 160
27.5 199.999 40.0006 160
27.6 199.999 40.0006 160
27.7 199.999 40.0006 160
27.8 199.999 40.0006 160
27.9 199.999 40.0005 160
28 199.999 40.0005 160
28.1 199.999 40.0004 160.001
28.2 199.999 40.0004 160.001
28.3 199.999 40.0004 160.001
28.4 199.999 40.0003 160.001
28.5 199.999 40.0003 160.001
28.6 199.999 40.0002 160.001
28.7 199.999 40.0002 160.001
28.8 199.999 40.0002 160.001
28.9 199.999 40.0001 160.001
29 199.999 40.0001 160.001
29.1 199.999 40.0001 160.001
29.2 199.999 40 160.001
29.3 199.999 40 160.001
29.4 199.999 40 160.001
29.5 199.999 39.9999 160.001
29.6 200 39.9999 160.001
29.7 200 39.9999 160.001
29.8 200 39.9999 160
29.9 200 39.9999 160
30 200 39.9999 160
30.1 200 39.9999 160
30.2 200 39.9998 160
30.3 200 39.9998 160
30.4 200 39.9998 160
30.5 200 39.9998 160
30.6 200 39.9998 160
30.7 200 39.9998 160
30.8 200 39.9998 160
30.9 200 39.9998 160
31 200 39.9999 160
31.1 200 39.9999 160
31.2 200 39.9999 160
31.3 200 39.9999 160
31.4 200 39.9999 160
31.5 200 39.9999 160
31.6 200 39.9999 160
31.7 200 39.9999 160
31.8 200 39.9999 160
31.9 200 39.9999 160
32 200 39.9999 160
32.1 200 40 160
32.2 200 40 160
32.3 200 40 160
32.4 200 40 160
32.5 200 40 160
32.6 200 40 160
32.7 200 40 160
32.8 200 40 160
32.9 200 40 160
33 200 40 160
33.1 200 40 160
33.2 200 40 160
33.3 200 40 160
33.4 200 40 160
33.5 200 40 160
33.6 200 40 160
33.7 200 40 160
33.8 200 40 160
33.9 200 40 160
34 200 40 160
34.1 200 40 160
34.2 200 40 160
34.3 200 40 160
34.4 200 40 160
34.5 200 40 160
34.6 200 40 160
34.7 200 40 160
34.8 200 40 160
34.9 200 40 160
35 200 40 160
35.1 200 40 160
35.2 200 40 160
35.3 200 40 160
35.4 200 40 160
35.5 200 40 160
35.6 200 40 160
35.7 200 40 160
35.8 200 40 160
35.9 200 40 160
36 200 40 160
36.1 200 40 160
36.2 200 40 160
36.3 200 40 160
36.4 200 40 160
36.5 200 40 160
36.6 200 40 160
36.7 200 40 160
36.8 200 40 160
36.9 200 40 160
37 200 40 160
37.1 200 40 160
37.2 200 40 160
37.3 200 40 160
37.4 200 40 160
37.5 200 40 160
37.6 200 40 160
37.7 200 40 160
37.8 200 40 160
37.9 200 40 160
38 200 40 160
38.1 200 40 160
38.2 200 40 160
38.3 200 40 160
38.4 200 40 160
38.5 200 40 160
38.6 200 40 160
38.7 200 40 160
38.8 200 40 160
38.9 200 40 160
39 200 40 160
39.1 200 40 160
39.2 200 40 160
39.3 200 40 160
39.4 200 40 160
39.5 200 40 160
39.6 200 40 160
39.7 200 40 160
39.8 200 40 160
39.9 200 40 160
40 200 40 160
40.1 200 40 160
40.2 200 40 160
40.3 200 40 160
40.4 200 40 160
40.5 200 40 160
40.6 200 40 160
40.7 200 40 160
40.8 200 40 160
40.9 200 40 160
41 200 40 160
41.1 200 40 160
41.2 200 40 160
41.3 200 40 160
41.4 200 40 160
41.5 200 40 160
41.6 200 40 160
41.7 200 40 160
41.8 200 40 160
41.9 200 40 160
42 200 40 160
42.1 200 40 160
42.2 200 40 160
42.3 200 40 160
42.4 200 40 160
42.5 200 40 160
42.6 200 40 160
42.7 200 40 160
42.8 200 40 160
42.9 200 40 160
43 200 40 160
43.1 200 40 160
43.2 200 40 160
43.3 200 40 160
43.4 200 40 160
43.5 200 40 160
43.6 200 40 160
43.7 200 40 160
43.8 200 40 160
43.9 200 40 160
44 200 40 160
44.1 200 40 160
44.2 200 40 160
44.3 200 40 160
44.4 200 40 160
44.5 200 40 160
44.6 200 40 160
44.7 200 40 160
44.8 200 40 160
44.9 200 40 160
45 200 40 160
45.1 200 40 160
45.2 200 40 160
45.3 200 40 160
45.4 200 40 160
45.5 200 40 160
45.6 200 40 160
45.7 200 40 160
45.8 200 40 160
45.9 200 40 160
46 200 40 160
46.1 200 40 160
46.2 200 40 160
46.3 200 40 160
46.4 200 40 160
46.5 200 40 160
46.6 200 40 160
46.7 200 40 160
46.8 200 40 160
46.9 200 40 160
47 200 40 160
47.1 200 40 160
47.2 200 40 160
47.3 200 40 160
47.4 200 40 160
47.5 200 40 160
47.6 200 40 160
47.7 200 40 160
47.8 200 40 160
47.9 200 40 160
48 200 40 160
48.1 200 40 160
48.2 200 40 160
48.3 200 40 160
48.4 200 40 160
48.5 200 40 160
48.6 200 40 160
48.7 200 40 160
48.8 200 40 160
48.9 200 40 160
49 200 40 160
49.1 200 40 160
49.2 200 40 160
49.3 200 40 160
49.4 200 40 160
49.5 200 40 160
49.6 200 40 160
49.7 200 40 160
49.8 200 40 160
49.9 200 40 160
50 200 40 160
50.1 200 40 160
50.2 200 40 160
50.3 200 40 160
50.4 200 40 160
50.5 200 40 160
50.6 200 40 160
50.7 200 40 160
50.8 200 40 160
50.9 200 40 160
51 200 40 160
51.1 200 40 160
51.2 200 40 160
51.3 200 40 160
51.4 200 40 160
51.5 200 40 160
51.6 200 40 160
51.7 200 40 160
51.8 200 40 160
51.9 200 40 160
52 200 40 160
52.1 200 40 160
52.2 200 40 160
52.3 200 40 160
52.4 200 40 160
52.5 200 40 160
52.6 200 40 160
52.7 200 40 160
52.8 200 40 160
52.9 200 40 160
53 200 40 160
53.1 200 40 160
53.2 200 40 160
53.3 200 40 160
53.4 200 40 160
53.5 200 40 160
53.6 200 40 160
53.7 200 40 160
53.8 200 40 160
53.9 200 40 160
54 200 40 160
54.1 200 40 160
54.2 200 40 160
54.3 200 40 160
54.4 200 40 160
54.5 200 40 160
54.6 200 40 160
54.7 200 40 160
54.8 200 40 160
54.9 200 40 160
55 200 40 160
55.1 200 40 160
55.2 200 40 160
55.3 200 40 160
55.4 200 40 160
55.5 200 40 160
55.6 200 40 160
55.7 200 40 160
55.8 200 40 160
55.9 200 40 160
56 200 40 160
56.1 200 40 160
56.2 200 40 160
56.3 200 40 160
56.4 200 40 160
56.5 200 40 160
56.6 200 40 160
56.7 200 40 160
56.8 200 40 160
56.9 200 40 160
57 200 40 160
57.1 200 40 160
57.2 200 40 160
57.3 200 40 160
57.4 200 40 160
57.5 200 40 160
57.6 200 40 160
57.7 200 40 160
57.8 200 40 160
57.9 200 40 160
58 200 40 160
58.1 200 40 160
58.2 200 40 160
58.3 200 40 160
58.4 200 40 160
58.5 200 40 160
58.6 200 40 160
58.7 200 40 160
58.8 200 40 160
58.9 200 40 160
59 200 40 160
59.1 200 40 160
59.2 200 40 160
59.3 200 40 160
59.4 200 40 160
59.5 200 40 160
59.6 200 40 160
59.7 200 40 160
59.8 200 40 160
59.9 200 40 160
60 200 40 160
60.1 200 40 160
60.2 200 40 160
60.3 200 40 160
60.4 200 40 160
60.5 200 40 160
60.6 200 40 160
60.7 200 40 160
60.8 200 40 160
60.9 200 40 160
61 200 40 160
61.1 200 40 160
61.2 200 40 160
61.3 200 40 160
61.4 200 40 160
61.5 200 40 160
61.6 200 40 160
61.7 200 40 160
61.8 200 40 160
61.9 200 40 160
62 200 40 160
62.1 200 40 160
62.2 200 40 160
62.3 200 40 160
62.4 200 40 160
62.5 200 40 160
62.6 200 40 160
62.7 200 40 160
62.8 200 40 160
62.9 200 40 160
63 200 40 160
63.1 200 40 160
63.2 200 40 160
63.3 200 40 160
63.4 200 40 160
63.5 200 40 160
63.6 200 40 160
63.7 200 40 160
63.8 200 40 160
63.9 200 40 160
64 200 40 160
64.1 200 40 160
64.2 200 40 160
64.3 200 40 160
64.4 200 40 160
64.5 200 40 160
64.6 200 40 160
64.7 200 40 160
64.8 200 40 160
64.9 200 40 160
65 200 40 160
65.1 200 40 160
65.2 200 40 160
65.3 200 40 160
65.4 200 40 160
65.5 200 40 160
65.6 200 40 160
65.7 200 40 160
65.8 200 40 160
65.9 200 40 160
66 200 40 160
66.1 200 40 160
66.2 200 40 160
66.3 200 40 160
66.4 200 40 160
66.5 200 40 160
66.6 200 40 160
66.7 200 40 160
66.8 200 40 160
66.9 200 40 160
67 200 40 160
67.1 200 40 160
67.2 200 40 160
67.3 200 40 160
67.4 200 40 160
67.5 200 40 160
67.6 200 40 160
67.7 200 40 160
67.8 200 40 160
67.9 200 40 160
68 200 40 160
68.1 200 40 160
68.2 200 40 160
68.3 200 40 160
68.4 200 40 160
68.5 200 40 160
68.6 200 40 160
68.7 200 40 160
68.8 200 40 160
68.9 200 40 160
69 200 40 160
69.1 200 40 160
69.2 200 40 160
69.3 200 40 160
69.4 200 40 160
69.5 200 40 160
69.6 200 40 160
69.7 200 40 160
69.8 200 40 160
69.9 200 40 160
70 200 40 160
70.1 200 40 160
70.2 200 40 160
70.3 200 40 160
70.4 200 40 160
70.5 200 40 160
70.6 200 40 160
70.7 200 40 160
70.8 200 40 160
70.9 200 40 160
71 200 40 160
71.1 200 40 160
71.2 200 40 160
71.3 200 40 160
71.4 200 40 160
71.5 200 40 160
71.6 200 40 160
71.7 200 40 160
71.8 200 40 160
71.9 200 40 160
72 200 40 160
72.1 200 40 160
72.2 200 40 160
72.3 200 40 160
72.4 200 40 160
72.5 200 40 160
72.6 200 40 160
72.7 200 40 160
72.8 200 40 160
72.9 200 40 160
73 200 40 160
73.1 200 40 160
73.2 200 40 160
73.3 200 40 160
73.4 200 40 160
73.5 200 40 160
73.6 200 40 160
73.7 200 40 160
73.8 200 40 160
73.9 200 40 160
74 200 40 160
74.1 200 40 160
74.2 200 40 160
74.3 200 40 160
74.4 200 40 160
74.5 200 40 160
74.6 200 40 160
74.7 200 40 160
74.8 200 40 160
74.9 200 40 160
75 200 40 160
75.1 200 40 160
75.2 200 40 160
75.3 200 40 160
75.4 200 40 160
75.5 200 40 160
75.6 200 40 160
75.7 200 40 160
75.8 200 40 160
75.9 200 40 160
76 200 40 160
76.1 200 40 160
76.2 200 40 160
76.3 200 40 160
76.4 200 40 160
76.5 200 40 160
76.6 200 40 160
76.7 200 40 160
76.8 200 40 160
76.9 200 40 160
77 200 40 160
77.1 200 40 160
77.2 200 40 160
77.3 200 40 160
77.4 200 40 160
77.5 200 40 160
77.6 200 40 160
77.7 200 40 160
77.8 200 40 160
77.9 200 40 160
78 200 40 160
78.1 200 40 160
78.2 200 40 160
78.3 200 40 160
78.4 200 40 160
78.5 200 40 160
78.6 200 40 160
78.7 200 40 160
78.8 200 40 160
78.9 200 40 160
79 200 40 160
79.1 200 40 160
79.2 200 40 160
79.3 200 40 160
79.4 200 40 160
79.5 200 40 160
79.6 200 40 160
79.7 200 40 160
79.8 200 40 160
79.9 200 40 160
80 200 40 160
80.1 200 40 160
80.2 200 40 160
80.3 200 40 160
80.4 200 40 160
80.5 200 40 160
80.6 200 40 160
80.7 200 40 160
80.8 200 40 160
80.9 200 40 160
81 200 40 160
81.1 200 40 160
81.2 200 40 160
81.3 200 40 160
81.4 200 40 160
81.5 200 40 160
81.6 200 40 160
81.7 200 40 160
81.8 200 40 160
81.9 200 40 160
82 200 40 160
82.1 200 40 160
82.2 200 40 160
82.3 200 40 160
82.4 200 40 160
82.5 200 40 160
82.6 200 40 160
82.7 200 40 160
82.8 200 40 160
82.9 200 40 160
83 200 40 160
83.1 200 40 160
83.2 200 40 160
83.3 200 40 160
83.4 200 40 160
83.5 200 40 160
83.6 200 40 160
83.7 200 40 160
83.8 200 40 160
83.9 200 40 160
84 200 40 160
84.1 200 40 160
84.2 200 40 160
84.3 200 40 160
84.4 200 40 160
84.5 200 40 160
84.6 200 40 160
84.7 200 40 160
84.8 200 40 160
84.9 200 40 160
85 200 40 160
85.1 200 40 160
85.2 200 40 160
85.3 200 40 160
85.4 200 40 160
85.5 200 40 160
85.6 200 40 160
85.7 200 40 160
85.8 200 40 160
85.9 200 40 160
86 200 40 160
86.1 200 40 160
86.2 200 40 160
86.3 200 40 160
86.4 200 40 160
86.5 200 40 160
86.6 200 40 160
86.7 200 40 160
86.8 200 40 160
86.9 200 40 160
87 200 40 160
87.1 200 40 160
87.2 200 40 160
87.3 200 40 160
87.4 200 40 160
87.5 200 40 160
87.6 200 40 160
87.7 200 40 160
87.8 200 40 160
87.9 200 40 160
88 200 40 160
88.1 200 40 160
88.2 200 40 160
88.3 200 40 160
88.4 200 40 160
88.5 200 40 160
88.6 200 40 160
88.7 200 40 160
88.8 200 40 160
88.9 200 40 160
89 200 40 160
89.1 200 40 160
89.2 200 40 160
89.3 200 40 160
89.4 200 40 160
89.5 200 40 160
89.6 200 40 160
89.7 200 40 160
89.8 200 40 160
89.9 200 40 160
90 200 40 160
90.1 200 40 160
90.2 200 40 160
90.3 200 40 160
90.4 200 40 160
90.5 200 40 160
90.6 200 40 160
90.7 200 40 160
90.8 200 40 160
90.9 200 40 160
91 200 40 160
91.1 200 40 160
91.2 200 40 160
91.3 200 40 160
91.4 200 40 160
91.5 200 40 160
91.6 200 40 160
91.7 200 40 160
91.8 200 40 160
91.9 200 40 160
92 200 40 160
92.1 200 40 160
92.2 200 40 160
92.3 200 40 160
92.4 200 40 160
92.5 200 40 160
92.6 200 40 160
92.7 200 40 160
92.8 200 40 160
92.9 200 40 160
93 200 40 160
93.1 200 40 160
93.2 200 40 160
93.3 200 40 160
93.4 200 40 160
93.5 200 40 160
93.6 200 40 160
93.7 200 40 160
93.8 200 40 160
93.9 200 40 160
94 200 40 160
94.1 200 40 160
94.2 200 40 160
94.3 200 40 160
94.4 200 40 160
94.5 200 40 160
94.6 200 40 160
94.7 200 40 160
94.8 200 40 160
94.9 200 40 160
95 200 40 160
95.1 200 40 160
95.2 200 40 160
95.3 200 40 160
95.4 200 40 160
95.5 200 40 160
95.6 200 40 160
95.7 200 40 160
95.8 200 40 160
95.9 200 40 160
96 200 40 160
96.1 200 40 160
96.2 200 40 160
96.3 200 40 160
96.4 200 40 160
96.5 200 40 160
96.6 200 40 160
96.7 200 40 160
96.8 200 40 160
96.9 200 40 160
97 200 40 160
97.1 200 40 160
97.2 200 40 160
97.3 200 40 160
97.4 200 40 160
97.5 200 40 160
97.6 200 40 160
97.7 200 40 160
97.8 200 40 160
97.9 200 40 160
98 200 40 160
98.1 200 40 160
98.2 200 40 160
98.3 200 40 160
98.4 200 40 160
98.5 200 40 160
98.6 200 40 160
98.7 200 40 160
98.8 200 40 160
98.9 200 40 160
99 200 40 160
99.1 200 40 160
99.2 200 40 160
99.3 200 40 160
99.4 200 40 160
99.5 200 40 160
99.6 200 40 160
99.7 200 40 160
99.8 200 40 160
99.9 200 40 160
100 200 40 160
-----------------------------------------
C
t S I R
0 300 100 0
0.1 270 100 30
0.2 244.5 97 58.5
0.3 223.709 91.6165 84.675
0.4 207.447 84.6269 107.926
0.5 195.288 76.7945 127.918
0.6 186.686 68.7531 144.56
0.7 181.079 60.9625 157.958
0.8 177.938 53.7128 168.349
0.9 176.798 47.1565 176.046
1 177.263 41.3467 181.39
1.1 179.003 36.2719 184.725
1.2 181.747 31.8832 186.37
1.3 185.271 28.1129 186.616
1.4 189.393 24.8875 185.72
1.5 193.965 22.1348 183.9
1.6 198.867 19.7877 181.345
1.7 203.999 17.7865 178.214
1.8 209.281 16.079 174.64
1.9 214.648 14.6203 170.731
2 220.047 13.3725 166.581
2.1 225.433 12.3033 162.263
2.2 230.773 11.3859 157.841
2.3 236.037 10.5977 153.365
2.4 241.204 9.91981 148.876
2.5 246.255 9.33657 144.408
2.6 251.176 8.83478 139.989
2.7 255.957 8.40343 135.64
2.8 260.588 8.03332 131.379
2.9 265.063 7.71671 127.22
3 269.379 7.44711 123.174
3.1 273.532 7.21908 119.249
3.2 277.519 7.028 115.453
3.3 281.342 6.87001 111.788
3.4 284.998 6.74182 108.26
3.5 288.49 6.64068 104.869
3.6 291.818 6.56425 101.618
3.7 294.983 6.51054 98.5066
3.8 297.988 6.47787 95.5344
3.9 300.834 6.46484 92.701
4 303.524 6.47023 90.0054
4.1 306.061 6.49303 87.4462
4.2 308.446 6.53238 85.0218
4.3 310.682 6.58756 82.7305
4.4 312.772 6.65792 80.5702
4.5 314.718 6.74296 78.5391
4.6 316.523 6.8422 76.635
4.7 318.189 6.95525 74.8559
4.8 319.719 7.08176 73.1997
4.9 321.114 7.2214 71.6642
5 322.379 7.37388 70.2474
5.1 323.514 7.5389 68.9472
5.2 324.522 7.71616 67.7615
5.3 325.406 7.90538 66.6883
5.4 326.168 8.10623 65.7255
5.5 326.811 8.31835 64.8711
5.6 327.336 8.54137 64.1231
5.7 327.746 8.77486 63.4793
5.8 328.044 9.01832 62.9378
5.9 328.232 9.27123 62.4964
6 328.314 9.53298 62.153
6.1 328.292 9.8029 61.9052
6.2 328.169 10.0802 61.7508
6.3 327.948 10.3642 61.6874
6.4 327.634 10.6539 61.7122
6.5 327.229 10.9483 61.8228
6.6 326.738 11.2464 62.0161
6.7 326.164 11.5471 62.2892
6.8 325.512 11.8492 62.6389
6.9 324.787 12.1515 63.0617
7 323.993 12.4527 63.5541
7.1 323.136 12.7515 64.1122
7.2 322.222 13.0465 64.732
7.3 321.254 13.3364 65.4093
7.4 320.24 13.6198 66.1398
7.5 319.186 13.8955 66.9187
7.6 318.096 14.1621 67.7415
7.7 316.979 14.4184 68.603
7.8 315.838 14.6632 69.4984
7.9 314.682 14.8954 70.4224
8 313.516 15.1141 71.3699
8.1 312.346 15.3184 72.3357
8.2 311.178 15.5075 73.3144
8.3 310.018 15.6809 74.301
8.4 308.872 15.838 75.2902
8.5 307.744 15.9785 76.2771
8.6 306.641 16.1022 77.2568
8.7 305.566 16.2092 78.2246
8.8 304.524 16.2994 79.1761
8.9 303.52 16.3731 80.1071
9 302.556 16.4308 81.0137
9.1 301.635 16.4728 81.8923
9.2 300.761 16.4997 82.7395
9.3 299.935 16.5122 83.5524
9.4 299.16 16.5112 84.3285
9.5 298.437 16.4973 85.0654
9.6 297.767 16.4715 85.7613
9.7 297.151 16.4348 86.4147
9.8 296.588 16.3879 87.0244
9.9 296.078 16.332 87.5896
10 295.622 16.268 88.1097
10.1 295.219 16.1967 88.5846
10.2 294.866 16.1193 89.0144
10.3 294.564 16.0365 89.3994
10.4 294.31 15.9494 89.7404
10.5 294.103 15.8586 90.0382
10.6 293.941 15.7651 90.2939
10.7 293.822 15.6696 90.5087
10.8 293.743 15.5728 90.6842
10.9 293.703 15.4753 90.8218
11 293.699 15.3779 90.9233
11.1 293.728 15.281 90.9905
11.2 293.79 15.1852 91.0253
11.3 293.88 15.0908 91.0296
11.4 293.996 14.9985 91.0053
11.5 294.137 14.9084 90.9546
11.6 294.3 14.821 90.8794
11.7 294.482 14.7365 90.7818
11.8 294.681 14.6552 90.6636
11.9 294.896 14.5773 90.527
12 295.123 14.5029 90.3738
12.1 295.362 14.4321 90.206
12.2 295.609 14.3652 90.0254
12.3 295.864 14.3021 89.8336
12.4 296.124 14.243 89.6326
12.5 296.388 14.1878 89.4239
12.6 296.654 14.1365 89.209
12.7 296.921 14.0892 88.9895
12.8 297.187 14.0459 88.7668
12.9 297.451 14.0064 88.5422
13 297.712 13.9707 88.317
13.1 297.969 13.9387 88.0924
13.2 298.22 13.9104 87.8694
13.3 298.465 13.8856 87.649
13.4 298.703 13.8643 87.4323
13.5 298.934 13.8463 87.2199
13.6 299.156 13.8316 87.0128
13.7 299.368 13.8199 86.8117
13.8 299.572 13.8112 86.6171
13.9 299.765 13.8053 86.4296
14 299.948 13.802 86.2497
14.1 300.121 13.8013 86.0778
14.2 300.283 13.803 85.9143
14.3 300.434 13.8069 85.7595
14.4 300.574 13.8129 85.6136
14.5 300.702 13.8208 85.4767
14.6 300.82 13.8305 85.3491
14.7 300.927 13.8418 85.2308
14.8 301.023 13.8547 85.1218
14.9 301.109 13.8689 85.0222
15 301.184 13.8842 84.9317
15.1 301.249 13.9007 84.8504
15.2 301.304 13.918 84.7781
15.3 301.349 13.9362 84.7146
15.4 301.385 13.955 84.6597
15.5 301.412 13.9743 84.6132
15.6 301.431 13.9941 84.5749
15.7 301.442 14.0141 84.5443
15.8 301.444 14.0343 84.5213
15.9 301.44 14.0546 84.5056
16 301.429 14.0748 84.4966
16.1 301.411 14.0949 84.4943
16.2 301.387 14.1148 84.498
16.3 301.358 14.1344 84.5076
16.4 301.324 14.1536 84.5225
16.5 301.285 14.1723 84.5424
16.6 301.242 14.1905 84.567
16.7 301.196 14.2081 84.5958
16.8 301.146 14.2251 84.6285
16.9 301.094 14.2415 84.6646
17 301.039 14.257 84.7038
17.1 300.982 14.2718 84.7457
17.2 300.924 14.2859 84.79
17.3 300.865 14.2991 84.8362
17.4 300.804 14.3114 84.8841
17.5 300.744 14.3229 84.9334
17.6 300.683 14.3336 84.9836
17.7 300.622 14.3434 85.0345
17.8 300.562 14.3523 85.0858
17.9 300.502 14.3604 85.1372
18 300.444 14.3676 85.1884
18.1 300.387 14.374 85.2393
18.2 300.331 14.3795 85.2895
18.3 300.277 14.3843 85.3389
18.4 300.224 14.3883 85.3872
18.5 300.174 14.3915 85.4344
18.6 300.126 14.394 85.4801
18.7 300.08 14.3958 85.5243
18.8 300.036 14.397 85.5668
18.9 299.995 14.3975 85.6076
19 299.956 14.3974 85.6464
19.1 299.92 14.3968 85.6833
19.2 299.886 14.3956 85.7182
19.3 299.855 14.394 85.751
19.4 299.826 14.3919 85.7816
19.5 299.8 14.3894 85.8101
19.6 299.777 14.3865 85.8364
19.7 299.756 14.3833 85.8606
19.8 299.738 14.3798 85.8825
19.9 299.722 14.376 85.9024
20 299.708 14.372 85.9201
20.1 299.696 14.3678 85.9357
20.2 299.687 14.3635 85.9492
20.3 299.68 14.359 85.9608
20.4 299.675 14.3544 85.9705
20.5 299.672 14.3497 85.9783
20.6 299.671 14.345 85.9843
20.7 299.671 14.3403 85.9886
20.8 299.673 14.3356 85.9912
20.9 299.677 14.3309 85.9924
21 299.682 14.3263 85.992
21.1 299.688 14.3217 85.9903
21.2 299.695 14.3172 85.9873
21.3 299.704 14.3129 85.9831
21.4 299.714 14.3086 85.9778
21.5 299.724 14.3045 85.9715
21.6 299.735 14.3006 85.9643
21.7 299.747 14.2968 85.9563
21.8 299.759 14.2932 85.9475
21.9 299.772 14.2898 85.9381
22 299.785 14.2865 85.9281
22.1 299.799 14.2834 85.9176
22.2 299.813 14.2806 85.9068
22.3 299.826 14.2779 85.8956
22.4 299.84 14.2754 85.8842
22.5 299.854 14.2731 85.8726
22.6 299.868 14.271 85.8609
22.7 299.882 14.2692 85.8492
22.8 299.895 14.2675 85.8375
22.9 299.908 14.266 85.8259
23 299.921 14.2647 85.8144
23.1 299.933 14.2635 85.803
23.2 299.945 14.2626 85.7919
23.3 299.957 14.2618 85.7811
23.4 299.968 14.2612 85.7706
23.5 299.979 14.2607 85.7604
23.6 299.989 14.2604 85.7506
23.7 299.998 14.2603 85.7412
23.8 300.007 14.2603 85.7323
23.9 300.016 14.2604 85.7237
24 300.024 14.2606 85.7157
24.1 300.031 14.2609 85.7081
24.2 300.038 14.2614 85.7009
24.3 300.044 14.2619 85.6943
24.4 300.049 14.2625 85.6882
24.5 300.054 14.2632 85.6825
24.6 300.059 14.264 85.6774
24.7 300.062 14.2649 85.6727
24.8 300.066 14.2657 85.6685
24.9 300.068 14.2667 85.6648
25 300.071 14.2677 85.6616
25.1 300.073 14.2687 85.6588
25.2 300.074 14.2697 85.6565
25.3 300.075 14.2708 85.6545
25.4 300.075 14.2718 85.653
25.5 300.075 14.2729 85.6519
25.6 300.075 14.274 85.6512
25.7 300.074 14.275 85.6508
25.8 300.073 14.2761 85.6508
25.9 300.072 14.2771 85.6511
26 300.07 14.2782 85.6517
26.1 300.068 14.2792 85.6526
26.2 300.066 14.2801 85.6537
26.3 300.064 14.2811 85.655
26.4 300.061 14.282 85.6566
26.5 300.059 14.2829 85.6584
26.6 300.056 14.2837 85.6603
26.7 300.053 14.2845 85.6624
26.8 300.05 14.2853 85.6646
26.9 300.047 14.286 85.667
27 300.044 14.2867 85.6694
27.1 300.041 14.2873 85.672
27.2 300.038 14.2879 85.6746
27.3 300.034 14.2884 85.6772
27.4 300.031 14.2889 85.6798
27.5 300.028 14.2893 85.6825
27.6 300.025 14.2897 85.6852
27.7 300.022 14.2901 85.6879
27.8 300.019 14.2904 85.6905
27.9 300.016 14.2907 85.6931
28 300.013 14.2909 85.6957
28.1 300.011 14.2911 85.6981
28.2 300.008 14.2913 85.7006
28.3 300.006 14.2914 85.7029
28.4 300.003 14.2915 85.7052
28.5 300.001 14.2915 85.7074
28.6 299.999 14.2915 85.7095
28.7 299.997 14.2915 85.7114
28.8 299.995 14.2915 85.7133
28.9 299.993 14.2914 85.7151
29 299.992 14.2913 85.7168
29.1 299.99 14.2912 85.7183
29.2 299.989 14.2911 85.7198
29.3 299.988 14.2909 85.7211
29.4 299.987 14.2907 85.7223
29.5 299.986 14.2905 85.7234
29.6 299.985 14.2903 85.7244
29.7 299.985 14.2901 85.7253
29.8 299.984 14.2899 85.7261
29.9 299.984 14.2897 85.7267
30 299.983 14.2895 85.7273
30.1 299.983 14.2892 85.7278
30.2 299.983 14.289 85.7282
30.3 299.983 14.2887 85.7284
30.4 299.983 14.2885 85.7286
30.5 299.983 14.2882 85.7287
30.6 299.983 14.288 85.7288
30.7 299.984 14.2878 85.7287
30.8 299.984 14.2875 85.7286
30.9 299.984 14.2873 85.7285
31 299.985 14.2871 85.7282
31.1 299.985 14.2868 85.7279
31.2 299.986 14.2866 85.7276
31.3 299.986 14.2864 85.7272
31.4 299.987 14.2862 85.7268
31.5 299.988 14.286 85.7263
31.6 299.988 14.2859 85.7258
31.7 299.989 14.2857 85.7253
31.8 299.99 14.2856 85.7247
31.9 299.99 14.2854 85.7241
32 299.991 14.2853 85.7236
32.1 299.992 14.2851 85.723
32.2 299.993 14.285 85.7224
32.3 299.993 14.2849 85.7217
32.4 299.994 14.2848 85.7211
32.5 299.995 14.2847 85.7205
32.6 299.995 14.2847 85.7199
32.7 299.996 14.2846 85.7193
32.8 299.997 14.2845 85.7187
32.9 299.997 14.2845 85.7182
33 299.998 14.2845 85.7176
33.1 299.999 14.2844 85.7171
33.2 299.999 14.2844 85.7165
33.3 300 14.2844 85.716
33.4 300 14.2844 85.7155
33.5 300.001 14.2844 85.7151
33.6 300.001 14.2844 85.7146
33.7 300.001 14.2844 85.7142
33.8 300.002 14.2844 85.7138
33.9 300.002 14.2845 85.7135
34 300.002 14.2845 85.7131
34.1 300.003 14.2845 85.7128
34.2 300.003 14.2846 85.7125
34.3 300.003 14.2846 85.7123
34.4 300.003 14.2846 85.7121
34.5 300.003 14.2847 85.7118
34.6 300.004 14.2847 85.7117
34.7 300.004 14.2848 85.7115
34.8 300.004 14.2848 85.7114
34.9 300.004 14.2849 85.7112
35 300.004 14.285 85.7111
35.1 300.004 14.285 85.7111
35.2 300.004 14.2851 85.711
35.3 300.004 14.2851 85.711
35.4 300.004 14.2852 85.711
35.5 300.004 14.2852 85.711
35.6 300.004 14.2853 85.711
35.7 300.004 14.2853 85.711
35.8 300.004 14.2854 85.7111
35.9 300.003 14.2854 85.7111
36 300.003 14.2855 85.7112
36.1 300.003 14.2855 85.7113
36.2 300.003 14.2856 85.7114
36.3 300.003 14.2856 85.7115
36.4 300.003 14.2857 85.7116
36.5 300.003 14.2857 85.7117
36.6 300.002 14.2857 85.7119
36.7 300.002 14.2858 85.712
36.8 300.002 14.2858 85.7121
36.9 300.002 14.2858 85.7123
37 300.002 14.2859 85.7124
37.1 300.002 14.2859 85.7125
37.2 300.001 14.2859 85.7127
37.3 300.001 14.2859 85.7128
37.4 300.001 14.2859 85.713
37.5 300.001 14.286 85.7131
37.6 300.001 14.286 85.7132
37.7 300.001 14.286 85.7134
37.8 300.001 14.286 85.7135
37.9 300 14.286 85.7136
38 300 14.286 85.7137
38.1 300 14.286 85.7138
38.2 300 14.286 85.714
38.3 300 14.286 85.7141
38.4 300 14.286 85.7142
38.5 300 14.286 85.7143
38.6 300 14.286 85.7144
38.7 300 14.286 85.7144
38.8 299.999 14.286 85.7145
38.9 299.999 14.286 85.7146
39 299.999 14.286 85.7147
39.1 299.999 14.286 85.7147
39.2 299.999 14.286 85.7148
39.3 299.999 14.286 85.7148
39.4 299.999 14.2859 85.7149
39.5 299.999 14.2859 85.7149
39.6 299.999 14.2859 85.7149
39.7 299.999 14.2859 85.715
39.8 299.999 14.2859 85.715
39.9 299.999 14.2859 85.715
40 299.999 14.2859 85.715
40.1 299.999 14.2859 85.715
40.2 299.999 14.2858 85.715
40.3 299.999 14.2858 85.715
40.4 299.999 14.2858 85.715
40.5 299.999 14.2858 85.715
40.6 299.999 14.2858 85.715
40.7 299.999 14.2858 85.715
40.8 299.999 14.2858 85.715
40.9 299.999 14.2858 85.715
41 299.999 14.2857 85.715
41.1 299.999 14.2857 85.7149
41.2 299.999 14.2857 85.7149
41.3 299.999 14.2857 85.7149
41.4 299.999 14.2857 85.7148
41.5 299.999 14.2857 85.7148
41.6 300 14.2857 85.7148
41.7 300 14.2857 85.7148
41.8 300 14.2857 85.7147
41.9 300 14.2857 85.7147
42 300 14.2857 85.7147
42.1 300 14.2857 85.7146
42.2 300 14.2857 85.7146
42.3 300 14.2857 85.7146
42.4 300 14.2857 85.7145
42.5 300 14.2857 85.7145
42.6 300 14.2857 85.7145
42.7 300 14.2856 85.7144
42.8 300 14.2856 85.7144
42.9 300 14.2856 85.7144
43 300 14.2856 85.7144
43.1 300 14.2856 85.7143
43.2 300 14.2856 85.7143
43.3 300 14.2856 85.7143
43.4 300 14.2856 85.7143
43.5 300 14.2856 85.7143
43.6 300 14.2856 85.7142
43.7 300 14.2857 85.7142
43.8 300 14.2857 85.7142
43.9 300 14.2857 85.7142
44 300 14.2857 85.7142
44.1 300 14.2857 85.7142
44.2 300 14.2857 85.7142
44.3 300 14.2857 85.7141
44.4 300 14.2857 85.7141
44.5 300 14.2857 85.7141
44.6 300 14.2857 85.7141
44.7 300 14.2857 85.7141
44.8 300 14.2857 85.7141
44.9 300 14.2857 85.7141
45 300 14.2857 85.7141
45.1 300 14.2857 85.7141
45.2 300 14.2857 85.7141
45.3 300 14.2857 85.7141
45.4 300 14.2857 85.7141
45.5 300 14.2857 85.7141
45.6 300 14.2857 85.7141
45.7 300 14.2857 85.7141
45.8 300 14.2857 85.7141
45.9 300 14.2857 85.7141
46 300 14.2857 85.7141
46.1 300 14.2857 85.7141
46.2 300 14.2857 85.7142
46.3 300 14.2857 85.7142
46.4 300 14.2857 85.7142
46.5 300 14.2857 85.7142
46.6 300 14.2857 85.7142
46.7 300 14.2857 85.7142
46.8 300 14.2857 85.7142
46.9 300 14.2857 85.7142
47 300 14.2857 85.7142
47.1 300 14.2857 85.7142
47.2 300 14.2857 85.7142
47.3 300 14.2857 85.7142
47.4 300 14.2857 85.7142
47.5 300 14.2857 85.7142
47.6 300 14.2857 85.7143
47.7 300 14.2857 85.7143
47.8 300 14.2857 85.7143
47.9 300 14.2857 85.7143
48 300 14.2857 85.7143
48.1 300 14.2857 85.7143
48.2 300 14.2857 85.7143
48.3 300 14.2857 85.7143
48.4 300 14.2857 85.7143
48.5 300 14.2857 85.7143
48.6 300 14.2857 85.7143
48.7 300 14.2857 85.7143
48.8 300 14.2857 85.7143
48.9 300 14.2857 85.7143
49 300 14.2857 85.7143
49.1 300 14.2857 85.7143
49.2 300 14.2857 85.7143
49.3 300 14.2857 85.7143
49.4 300 14.2857 85.7143
49.5 300 14.2857 85.7143
49.6 300 14.2857 85.7143
49.7 300 14.2857 85.7143
49.8 300 14.2857 85.7143
49.9 300 14.2857 85.7143
50 300 14.2857 85.7143
50.1 300 14.2857 85.7143
50.2 300 14.2857 85.7143
50.3 300 14.2857 85.7143
50.4 300 14.2857 85.7143
50.5 300 14.2857 85.7143
50.6 300 14.2857 85.7143
50.7 300 14.2857 85.7143
50.8 300 14.2857 85.7143
50.9 300 14.2857 85.7143
51 300 14.2857 85.7143
51.1 300 14.2857 85.7143
51.2 300 14.2857 85.7143
51.3 300 14.2857 85.7143
51.4 300 14.2857 85.7143
51.5 300 14.2857 85.7143
51.6 300 14.2857 85.7143
51.7 300 14.2857 85.7143
51.8 300 14.2857 85.7143
51.9 300 14.2857 85.7143
52 300 14.2857 85.7143
52.1 300 14.2857 85.7143
52.2 300 14.2857 85.7143
52.3 300 14.2857 85.7143
52.4 300 14.2857 85.7143
52.5 300 14.2857 85.7143
52.6 300 14.2857 85.7143
52.7 300 14.2857 85.7143
52.8 300 14.2857 85.7143
52.9 300 14.2857 85.7143
53 300 14.2857 85.7143
53.1 300 14.2857 85.7143
53.2 300 14.2857 85.7143
53.3 300 14.2857 85.7143
53.4 300 14.2857 85.7143
53.5 300 14.2857 85.7143
53.6 300 14.2857 85.7143
53.7 300 14.2857 85.7143
53.8 300 14.2857 85.7143
53.9 300 14.2857 85.7143
54 300 14.2857 85.7143
54.1 300 14.2857 85.7143
54.2 300 14.2857 85.7143
54.3 300 14.2857 85.7143
54.4 300 14.2857 85.7143
54.5 300 14.2857 85.7143
54.6 300 14.2857 85.7143
54.7 300 14.2857 85.7143
54.8 300 14.2857 85.7143
54.9 300 14.2857 85.7143
55 300 14.2857 85.7143
55.1 300 14.2857 85.7143
55.2 300 14.2857 85.7143
55.3 300 14.2857 85.7143
55.4 300 14.2857 85.7143
55.5 300 14.2857 85.7143
55.6 300 14.2857 85.7143
55.7 300 14.2857 85.7143
55.8 300 14.2857 85.7143
55.9 300 14.2857 85.7143
56 300 14.2857 85.7143
56.1 300 14.2857 85.7143
56.2 300 14.2857 85.7143
56.3 300 14.2857 85.7143
56.4 300 14.2857 85.7143
56.5 300 14.2857 85.7143
56.6 300 14.2857 85.7143
56.7 300 14.2857 85.7143
56.8 300 14.2857 85.7143
56.9 300 14.2857 85.7143
57 300 14.2857 85.7143
57.1 300 14.2857 85.7143
57.2 300 14.2857 85.7143
57.3 300 14.2857 85.7143
57.4 300 14.2857 85.7143
57.5 300 14.2857 85.7143
57.6 300 14.2857 85.7143
57.7 300 14.2857 85.7143
57.8 300 14.2857 85.7143
57.9 300 14.2857 85.7143
58 300 14.2857 85.7143
58.1 300 14.2857 85.7143
58.2 300 14.2857 85.7143
58.3 300 14.2857 85.7143
58.4 300 14.2857 85.7143
58.5 300 14.2857 85.7143
58.6 300 14.2857 85.7143
58.7 300 14.2857 85.7143
58.8 300 14.2857 85.7143
58.9 300 14.2857 85.7143
59 300 14.2857 85.7143
59.1 300 14.2857 85.7143
59.2 300 14.2857 85.7143
59.3 300 14.2857 85.7143
59.4 300 14.2857 85.7143
59.5 300 14.2857 85.7143
59.6 300 14.2857 85.7143
59.7 300 14.2857 85.7143
59.8 300 14.2857 85.7143
59.9 300 14.2857 85.7143
60 300 14.2857 85.7143
60.1 300 14.2857 85.7143
60.2 300 14.2857 85.7143
60.3 300 14.2857 85.7143
60.4 300 14.2857 85.7143
60.5 300 14.2857 85.7143
60.6 300 14.2857 85.7143
60.7 300 14.2857 85.7143
60.8 300 14.2857 85.7143
60.9 300 14.2857 85.7143
61 300 14.2857 85.7143
61.1 300 14.2857 85.7143
61.2 300 14.2857 85.7143
61.3 300 14.2857 85.7143
61.4 300 14.2857 85.7143
61.5 300 14.2857 85.7143
61.6 300 14.2857 85.7143
61.7 300 14.2857 85.7143
61.8 300 14.2857 85.7143
61.9 300 14.2857 85.7143
62 300 14.2857 85.7143
62.1 300 14.2857 85.7143
62.2 300 14.2857 85.7143
62.3 300 14.2857 85.7143
62.4 300 14.2857 85.7143
62.5 300 14.2857 85.7143
62.6 300 14.2857 85.7143
62.7 300 14.2857 85.7143
62.8 300 14.2857 85.7143
62.9 300 14.2857 85.7143
63 300 14.2857 85.7143
63.1 300 14.2857 85.7143
63.2 300 14.2857 85.7143
63.3 300 14.2857 85.7143
63.4 300 14.2857 85.7143
63.5 300 14.2857 85.7143
63.6 300 14.2857 85.7143
63.7 300 14.2857 85.7143
63.8 300 14.2857 85.7143
63.9 300 14.2857 85.7143
64 300 14.2857 85.7143
64.1 300 14.2857 85.7143
64.2 300 14.2857 85.7143
64.3 300 14.2857 85.7143
64.4 300 14.2857 85.7143
64.5 300 14.2857 85.7143
64.6 300 14.2857 85.7143
64.7 300 14.2857 85.7143
64.8 300 14.2857 85.7143
64.9 300 14.2857 85.7143
65 300 14.2857 85.7143
65.1 300 14.2857 85.7143
65.2 300 14.2857 85.7143
65.3 300 14.2857 85.7143
65.4 300 14.2857 85.7143
65.5 300 14.2857 85.7143
65.6 300 14.2857 85.7143
65.7 300 14.2857 85.7143
65.8 300 14.2857 85.7143
65.9 300 14.2857 85.7143
66 300 14.2857 85.7143
66.1 300 14.2857 85.7143
66.2 300 14.2857 85.7143
66.3 300 14.2857 85.7143
66.4 300 14.2857 85.7143
66.5 300 14.2857 85.7143
66.6 300 14.2857 85.7143
66.7 300 14.2857 85.7143
66.8 300 14.2857 85.7143
66.9 300 14.2857 85.7143
67 300 14.2857 85.7143
67.1 300 14.2857 85.7143
67.2 300 14.2857 85.7143
67.3 300 14.2857 85.7143
67.4 300 14.2857 85.7143
67.5 300 14.2857 85.7143
67.6 300 14.2857 85.7143
67.7 300 14.2857 85.7143
67.8 300 14.2857 85.7143
67.9 300 14.2857 85.7143
68 300 14.2857 85.7143
68.1 300 14.2857 85.7143
68.2 300 14.2857 85.7143
68.3 300 14.2857 85.7143
68.4 300 14.2857 85.7143
68.5 300 14.2857 85.7143
68.6 300 14.2857 85.7143
68.7 300 14.2857 85.7143
68.8 300 14.2857 85.7143
68.9 300 14.2857 85.7143
69 300 14.2857 85.7143
69.1 300 14.2857 85.7143
69.2 300 14.2857 85.7143
69.3 300 14.2857 85.7143
69.4 300 14.2857 85.7143
69.5 300 14.2857 85.7143
69.6 300 14.2857 85.7143
69.7 300 14.2857 85.7143
69.8 300 14.2857 85.7143
69.9 300 14.2857 85.7143
70 300 14.2857 85.7143
70.1 300 14.2857 85.7143
70.2 300 14.2857 85.7143
70.3 300 14.2857 85.7143
70.4 300 14.2857 85.7143
70.5 300 14.2857 85.7143
70.6 300 14.2857 85.7143
70.7 300 14.2857 85.7143
70.8 300 14.2857 85.7143
70.9 300 14.2857 85.7143
71 300 14.2857 85.7143
71.1 300 14.2857 85.7143
71.2 300 14.2857 85.7143
71.3 300 14.2857 85.7143
71.4 300 14.2857 85.7143
71.5 300 14.2857 85.7143
71.6 300 14.2857 85.7143
71.7 300 14.2857 85.7143
71.8 300 14.2857 85.7143
71.9 300 14.2857 85.7143
72 300 14.2857 85.7143
72.1 300 14.2857 85.7143
72.2 300 14.2857 85.7143
72.3 300 14.2857 85.7143
72.4 300 14.2857 85.7143
72.5 300 14.2857 85.7143
72.6 300 14.2857 85.7143
72.7 300 14.2857 85.7143
72.8 300 14.2857 85.7143
72.9 300 14.2857 85.7143
73 300 14.2857 85.7143
73.1 300 14.2857 85.7143
73.2 300 14.2857 85.7143
73.3 300 14.2857 85.7143
73.4 300 14.2857 85.7143
73.5 300 14.2857 85.7143
73.6 300 14.2857 85.7143
73.7 300 14.2857 85.7143
73.8 300 14.2857 85.7143
73.9 300 14.2857 85.7143
74 300 14.2857 85.7143
74.1 300 14.2857 85.7143
74.2 300 14.2857 85.7143
74.3 300 14.2857 85.7143
74.4 300 14.2857 85.7143
74.5 300 14.2857 85.7143
74.6 300 14.2857 85.7143
74.7 300 14.2857 85.7143
74.8 300 14.2857 85.7143
74.9 300 14.2857 85.7143
75 300 14.2857 85.7143
75.1 300 14.2857 85.7143
75.2 300 14.2857 85.7143
75.3 300 14.2857 85.7143
75.4 300 14.2857 85.7143
75.5 300 14.2857 85.7143
75.6 300 14.2857 85.7143
75.7 300 14.2857 85.7143
75.8 300 14.2857 85.7143
75.9 300 14.2857 85.7143
76 300 14.2857 85.7143
76.1 300 14.2857 85.7143
76.2 300 14.2857 85.7143
76.3 300 14.2857 85.7143
76.4 300 14.2857 85.7143
76.5 300 14.2857 85.7143
76.6 300 14.2857 85.7143
76.7 300 14.2857 85.7143
76.8 300 14.2857 85.7143
76.9 300 14.2857 85.7143
77 300 14.2857 85.7143
77.1 300 14.2857 85.7143
77.2 300 14.2857 85.7143
77.3 300 14.2857 85.7143
77.4 300 14.2857 85.7143
77.5 300 14.2857 85.7143
77.6 300 14.2857 85.7143
77.7 300 14.2857 85.7143
77.8 300 14.2857 85.7143
77.9 300 14.2857 85.7143
78 300 14.2857 85.7143
78.1 300 14.2857 85.7143
78.2 300 14.2857 85.7143
78.3 300 14.2857 85.7143
78.4 300 14.2857 85.7143
78.5 300 14.2857 85.7143
78.6 300 14.2857 85.7143
78.7 300 14.2857 85.7143
78.8 300 14.2857 85.7143
78.9 300 14.2857 85.7143
79 300 14.2857 85.7143
79.1 300 14.2857 85.7143
79.2 300 14.2857 85.7143
79.3 300 14.2857 85.7143
79.4 300 14.2857 85.7143
79.5 300 14.2857 85.7143
79.6 300 14.2857 85.7143
79.7 300 14.2857 85.7143
79.8 300 14.2857 85.7143
79.9 300 14.2857 85.7143
80 300 14.2857 85.7143
80.1 300 14.2857 85.7143
80.2 300 14.2857 85.7143
80.3 300 14.2857 85.7143
80.4 300 14.2857 85.7143
80.5 300 14.2857 85.7143
80.6 300 14.2857 85.7143
80.7 300 14.2857 85.7143
80.8 300 14.2857 85.7143
80.9 300 14.2857 85.7143
81 300 14.2857 85.7143
81.1 300 14.2857 85.7143
81.2 300 14.2857 85.7143
81.3 300 14.2857 85.7143
81.4 300 14.2857 85.7143
81.5 300 14.2857 85.7143
81.6 300 14.2857 85.7143
81.7 300 14.2857 85.7143
81.8 300 14.2857 85.7143
81.9 300 14.2857 85.7143
82 300 14.2857 85.7143
82.1 300 14.2857 85.7143
82.2 300 14.2857 85.7143
82.3 300 14.2857 85.7143
82.4 300 14.2857 85.7143
82.5 300 14.2857 85.7143
82.6 300 14.2857 85.7143
82.7 300 14.2857 85.7143
82.8 300 14.2857 85.7143
82.9 300 14.2857 85.7143
83 300 14.2857 85.7143
83.1 300 14.2857 85.7143
83.2 300 14.2857 85.7143
83.3 300 14.2857 85.7143
83.4 300 14.2857 85.7143
83.5 300 14.2857 85.7143
83.6 300 14.2857 85.7143
83.7 300 14.2857 85.7143
83.8 300 14.2857 85.7143
83.9 300 14.2857 85.7143
84 300 14.2857 85.7143
84.1 300 14.2857 85.7143
84.2 300 14.2857 85.7143
84.3 300 14.2857 85.7143
84.4 300 14.2857 85.7143
84.5 300 14.2857 85.7143
84.6 300 14.2857 85.7143
84.7 300 14.2857 85.7143
84.8 300 14.2857 85.7143
84.9 300 14.2857 85.7143
85 300 14.2857 85.7143
85.1 300 14.2857 85.7143
85.2 300 14.2857 85.7143
85.3 300 14.2857 85.7143
85.4 300 14.2857 85.7143
85.5 300 14.2857 85.7143
85.6 300 14.2857 85.7143
85.7 300 14.2857 85.7143
85.8 300 14.2857 85.7143
85.9 300 14.2857 85.7143
86 300 14.2857 85.7143
86.1 300 14.2857 85.7143
86.2 300 14.2857 85.7143
86.3 300 14.2857 85.7143
86.4 300 14.2857 85.7143
86.5 300 14.2857 85.7143
86.6 300 14.2857 85.7143
86.7 300 14.2857 85.7143
86.8 300 14.2857 85.7143
86.9 300 14.2857 85.7143
87 300 14.2857 85.7143
87.1 300 14.2857 85.7143
87.2 300 14.2857 85.7143
87.3 300 14.2857 85.7143
87.4 300 14.2857 85.7143
87.5 300 14.2857 85.7143
87.6 300 14.2857 85.7143
87.7 300 14.2857 85.7143
87.8 300 14.2857 85.7143
87.9 300 14.2857 85.7143
88 300 14.2857 85.7143
88.1 300 14.2857 85.7143
88.2 300 14.2857 85.7143
88.3 300 14.2857 85.7143
88.4 300 14.2857 85.7143
88.5 300 14.2857 85.7143
88.6 300 14.2857 85.7143
88.7 300 14.2857 85.7143
88.8 300 14.2857 85.7143
88.9 300 14.2857 85.7143
89 300 14.2857 85.7143
89.1 300 14.2857 85.7143
89.2 300 14.2857 85.7143
89.3 300 14.2857 85.7143
89.4 300 14.2857 85.7143
89.5 300 14.2857 85.7143
89.6 300 14.2857 85.7143
89.7 300 14.2857 85.7143
89.8 300 14.2857 85.7143
89.9 300 14.2857 85.7143
90 300 14.2857 85.7143
90.1 300 14.2857 85.7143
90.2 300 14.2857 85.7143
90.3 300 14.2857 85.7143
90.4 300 14.2857 85.7143
90.5 300 14.2857 85.7143
90.6 300 14.2857 85.7143
90.7 300 14.2857 85.7143
90.8 300 14.2857 85.7143
90.9 300 14.2857 85.7143
91 300 14.2857 85.7143
91.1 300 14.2857 85.7143
91.2 300 14.2857 85.7143
91.3 300 14.2857 85.7143
91.4 300 14.2857 85.7143
91.5 300 14.2857 85.7143
91.6 300 14.2857 85.7143
91.7 300 14.2857 85.7143
91.8 300 14.2857 85.7143
91.9 300 14.2857 85.7143
92 300 14.2857 85.7143
92.1 300 14.2857 85.7143
92.2 300 14.2857 85.7143
92.3 300 14.2857 85.7143
92.4 300 14.2857 85.7143
92.5 300 14.2857 85.7143
92.6 300 14.2857 85.7143
92.7 300 14.2857 85.7143
92.8 300 14.2857 85.7143
92.9 300 14.2857 85.7143
93 300 14.2857 85.7143
93.1 300 14.2857 85.7143
93.2 300 14.2857 85.7143
93.3 300 14.2857 85.7143
93.4 300 14.2857 85.7143
93.5 300 14.2857 85.7143
93.6 300 14.2857 85.7143
93.7 300 14.2857 85.7143
93.8 300 14.2857 85.7143
93.9 300 14.2857 85.7143
94 300 14.2857 85.7143
94.1 300 14.2857 85.7143
94.2 300 14.2857 85.7143
94.3 300 14.2857 85.7143
94.4 300 14.2857 85.7143
94.5 300 14.2857 85.7143
94.6 300 14.2857 85.7143
94.7 300 14.2857 85.7143
94.8 300 14.2857 85.7143
94.9 300 14.2857 85.7143
95 300 14.2857 85.7143
95.1 300 14.2857 85.7143
95.2 300 14.2857 85.7143
95.3 300 14.2857 85.7143
95.4 300 14.2857 85.7143
95.5 300 14.2857 85.7143
95.6 300 14.2857 85.7143
95.7 300 14.2857 85.7143
95.8 300 14.2857 85.7143
95.9 300 14.2857 85.7143
96 300 14.2857 85.7143
96.1 300 14.2857 85.7143
96.2 300 14.2857 85.7143
96.3 300 14.2857 85.7143
96.4 300 14.2857 85.7143
96.5 300 14.2857 85.7143
96.6 300 14.2857 85.7143
96.7 300 14.2857 85.7143
96.8 300 14.2857 85.7143
96.9 300 14.2857 85.7143
97 300 14.2857 85.7143
97.1 300 14.2857 85.7143
97.2 300 14.2857 85.7143
97.3 300 14.2857 85.7143
97.4 300 14.2857 85.7143
97.5 300 14.2857 85.7143
97.6 300 14.2857 85.7143
97.7 300 14.2857 85.7143
97.8 300 14.2857 85.7143
97.9 300 14.2857 85.7143
98 300 14.2857 85.7143
98.1 300 14.2857 85.7143
98.2 300 14.2857 85.7143
98.3 300 14.2857 85.7143
98.4 300 14.2857 85.7143
98.5 300 14.2857 85.7143
98.6 300 14.2857 85.7143
98.7 300 14.2857 85.7143
98.8 300 14.2857 85.7143
98.9 300 14.2857 85.7143
99 300 14.2857 85.7143
99.1 300 14.2857 85.7143
99.2 300 14.2857 85.7143
99.3 300 14.2857 85.7143
99.4 300 14.2857 85.7143
99.5 300 14.2857 85.7143
99.6 300 14.2857 85.7143
99.7 300 14.2857 85.7143
99.8 300 14.2857 85.7143
99.9 300 14.2857 85.7143
100 300 14.2857 85.7143
-----------------------------------------
D
t S I R
0 300 100 0
0.1 270 90 40
0.2 247.7 78.3 74
0.3 232.005 66.3749 101.62
0.4 221.687 55.2243 123.089
0.5 215.599 45.377 139.024
0.6 212.767 37.0095 150.224
0.7 212.404 30.0801 157.516
0.8 213.89 24.4371 161.673
0.9 216.747 19.8892 163.364
1 220.604 16.2444 163.151
1.1 225.178 13.3302 161.492
1.2 230.251 10.9998 158.749
1.3 235.656 9.13261 155.212
1.4 241.264 7.63172 151.104
1.5 246.978 6.42029 146.601
1.6 252.723 5.43785 141.84
1.7 258.44 4.63698 136.923
1.8 264.088 3.98057 131.931
1.9 269.633 3.43956 126.927
2 275.052 2.99116 121.956
2.1 280.327 2.61742 117.055
2.2 285.446 2.30419 112.249
2.3 290.401 2.04023 107.559
2.4 295.187 1.81663 102.997
2.5 299.8 1.62622 98.5735
2.6 304.241 1.46327 94.2953
2.7 308.511 1.32315 90.1659
2.8 312.611 1.2021 86.1868
2.9 316.545 1.09705 82.3583
3 320.315 1.00549 78.6792
3.1 323.927 0.925371 75.1475
3.2 327.385 0.854975 71.7602
3.3 330.693 0.792891 68.5142
3.4 333.856 0.737938 65.4057
3.5 336.88 0.689128 62.4306
3.6 339.77 0.645631 59.5847
3.7 342.53 0.606744 56.8637
3.8 345.165 0.571874 54.2632
3.9 347.681 0.540516 51.7788
4 350.082 0.512236 49.4061
4.1 352.373 0 47.1407
4.2 354.73 0 44.7836
4.3 356.969 0 42.5444
4.4 359.096 0 40.4172
4.5 361.117 0 38.3964
4.6 363.037 0 36.4765
4.7 364.861 0 34.6527
4.8 366.593 0 32.9201
4.9 368.239 0 31.2741
5 369.803 0 29.7104
5.1 371.288 0 28.2249
5.2 372.7 0 26.8136
5.3 374.04 0 25.4729
5.4 375.314 0 24.1993
5.5 376.524 0 22.9893
5.6 377.673 0 21.8399
5.7 378.765 0 20.7479
5.8 379.803 0 19.7105
5.9 380.788 0 18.7249
6 381.725 0 17.7887
6.1 382.614 0 16.8993
6.2 383.459 0 16.0543
6.3 384.262 0 15.2516
6.4 385.024 0 14.489
6.5 385.749 0 13.7646
6.6 386.437 0 13.0763
6.7 387.091 0 12.4225
6.8 387.712 0 11.8014
6.9 388.302 0 11.2113
7 388.863 0 10.6508
7.1 389.395 0 10.1182
7.2 389.901 0 9.6123
7.3 390.382 0 9.13169
7.4 390.838 0 8.6751
7.5 391.272 0 8.24135
7.6 391.684 0 7.82928
7.7 392.076 0 7.43782
7.8 392.447 0 7.06593
7.9 392.801 0 6.71263
8 393.136 0 6.377
8.1 393.455 0 6.05815
8.2 393.758 0 5.75524
8.3 394.046 0 5.46748
8.4 394.319 0 5.1941
8.5 394.579 0 4.9344
8.6 394.826 0 4.68768
8.7 395.06 0 4.4533
8.8 395.283 0 4.23063
8.9 395.494 0 4.0191
9 395.695 0 3.81814
9.1 395.886 0 3.62724
9.2 396.067 0 3.44588
9.3 396.24 0 3.27358
9.4 396.403 0 3.1099
9.5 396.559 0 2.95441
9.6 396.707 0 2.80669
9.7 396.847 0 2.66635
9.8 396.98 0 2.53303
9.9 397.107 0 2.40638
10 397.227 0 2.28606
10.1 397.342 0 2.17176
10.2 397.45 0 2.06317
10.3 397.553 0 1.96001
10.4 397.651 0 1.86201
10.5 397.744 0 1.76891
10.6 397.833 0 1.68047
10.7 397.917 0 1.59644
10.8 397.997 0 1.51662
10.9 398.073 0 1.44079
11 398.145 0 1.36875
11.1 398.213 0 1.30031
11.2 398.278 0 1.2353
11.3 398.34 0 1.17353
11.4 398.398 0 1.11486
11.5 398.454 0 1.05911
11.6 398.507 0 1.00616
11.7 398.557 0 0.95585
11.8 398.605 0 0.908057
11.9 398.651 0 0.862654
12 398.694 0 0.819522
12.1 398.735 0 0.778546
12.2 398.774 0 0.739618
12.3 398.811 0 0.702637
12.4 398.846 0 0.667506
12.5 398.879 0 0.63413
12.6 398.911 0 0.602424
12.7 398.941 0 0.572303
12.8 398.97 0 0.543687
12.9 398.997 0 0.516503
13 399.023 0 0
13.1 399.023 0 0
13.2 399.023 0 0
13.3 399.023 0 0
13.4 399.023 0 0
13.5 399.023 0 0
13.6 399.023 0 0
13.7 399.023 0 0
13.8 399.023 0 0
13.9 399.023 0 0
14 399.023 0 0
14.1 399.023 0 0
14.2 399.023 0 0
14.3 399.023 0 0
14.4 399.023 0 0
14.5 399.023 0 0
14.6 399.023 0 0
14.7 399.023 0 0
14.8 399.023 0 0
14.9 399.023 0 0
15 399.023 0 0
15.1 399.023 0 0
15.2 399.023 0 0
15.3 399.023 0 0
15.4 399.023 0 0
15.5 399.023 0 0
15.6 399.023 0 0
15.7 399.023 0 0
15.8 399.023 0 0
15.9 399.023 0 0
16 399.023 0 0
16.1 399.023 0 0
16.2 399.023 0 0
16.3 399.023 0 0
16.4 399.023 0 0
16.5 399.023 0 0
16.6 399.023 0 0
16.7 399.023 0 0
16.8 399.023 0 0
16.9 399.023 0 0
17 399.023 0 0
17.1 399.023 0 0
17.2 399.023 0 0
17.3 399.023 0 0
17.4 399.023 0 0
17.5 399.023 0 0
17.6 399.023 0 0
17.7 399.023 0 0
17.8 399.023 0 0
17.9 399.023 0 0
18 399.023 0 0
18.1 399.023 0 0
18.2 399.023 0 0
18.3 399.023 0 0
18.4 399.023 0 0
18.5 399.023 0 0
18.6 399.023 0 0
18.7 399.023 0 0
18.8 399.023 0 0
18.9 399.023 0 0
19 399.023 0 0
19.1 399.023 0 0
19.2 399.023 0 0
19.3 399.023 0 0
19.4 399.023 0 0
19.5 399.023 0 0
19.6 399.023 0 0
19.7 399.023 0 0
19.8 399.023 0 0
19.9 399.023 0 0
20 399.023 0 0
20.1 399.023 0 0
20.2 399.023 0 0
20.3 399.023 0 0
20.4 399.023 0 0
20.5 399.023 0 0
20.6 399.023 0 0
20.7 399.023 0 0
20.8 399.023 0 0
20.9 399.023 0 0
21 399.023 0 0
21.1 399.023 0 0
21.2 399.023 0 0
21.3 399.023 0 0
21.4 399.023 0 0
21.5 399.023 0 0
21.6 399.023 0 0
21.7 399.023 0 0
21.8 399.023 0 0
21.9 399.023 0 0
22 399.023 0 0
22.1 399.023 0 0
22.2 399.023 0 0
22.3 399.023 0 0
22.4 399.023 0 0
22.5 399.023 0 0
22.6 399.023 0 0
22.7 399.023 0 0
22.8 399.023 0 0
22.9 399.023 0 0
23 399.023 0 0
23.1 399.023 0 0
23.2 399.023 0 0
23.3 399.023 0 0
23.4 399.023 0 0
23.5 399.023 0 0
23.6 399.023 0 0
23.7 399.023 0 0
23.8 399.023 0 0
23.9 399.023 0 0
24 399.023 0 0
24.1 399.023 0 0
24.2 399.023 0 0
24.3 399.023 0 0
24.4 399.023 0 0
24.5 399.023 0 0
24.6 399.023 0 0
24.7 399.023 0 0
24.8 399.023 0 0
24.9 399.023 0 0
25 399.023 0 0
25.1 399.023 0 0
25.2 399.023 0 0
25.3 399.023 0 0
25.4 399.023 0 0
25.5 399.023 0 0
25.6 399.023 0 0
25.7 399.023 0 0
25.8 399.023 0 0
25.9 399.023 0 0
26 399.023 0 0
26.1 399.023 0 0
26.2 399.023 0 0
26.3 399.023 0 0
26.4 399.023 0 0
26.5 399.023 0 0
26.6 399.023 0 0
26.7 399.023 0 0
26.8 399.023 0 0
26.9 399.023 0 0
27 399.023 0 0
27.1 399.023 0 0
27.2 399.023 0 0
27.3 399.023 0 0
27.4 399.023 0 0
27.5 399.023 0 0
27.6 399.023 0 0
27.7 399.023 0 0
27.8 399.023 0 0
27.9 399.023 0 0
28 399.023 0 0
28.1 399.023 0 0
28.2 399.023 0 0
28.3 399.023 0 0
28.4 399.023 0 0
28.5 399.023 0 0
28.6 399.023 0 0
28.7 399.023 0 0
28.8 399.023 0 0
28.9 399.023 0 0
29 399.023 0 0
29.1 399.023 0 0
29.2 399.023 0 0
29.3 399.023 0 0
29.4 399.023 0 0
29.5 399.023 0 0
29.6 399.023 0 0
29.7 399.023 0 0
29.8 399.023 0 0
29.9 399.023 0 0
30 399.023 0 0
30.1 399.023 0 0
30.2 399.023 0 0
30.3 399.023 0 0
30.4 399.023 0 0
30.5 399.023 0 0
30.6 399.023 0 0
30.7 399.023 0 0
30.8 399.023 0 0
30.9 399.023 0 0
31 399.023 0 0
31.1 399.023 0 0
31.2 399.023 0 0
31.3 399.023 0 0
31.4 399.023 0 0
31.5 399.023 0 0
31.6 399.023 0 0
31.7 399.023 0 0
31.8 399.023 0 0
31.9 399.023 0 0
32 399.023 0 0
32.1 399.023 0 0
32.2 399.023 0 0
32.3 399.023 0 0
32.4 399.023 0 0
32.5 399.023 0 0
32.6 399.023 0 0
32.7 399.023 0 0
32.8 399.023 0 0
32.9 399.023 0 0
33 399.023 0 0
33.1 399.023 0 0
33.2 399.023 0 0
33.3 399.023 0 0
33.4 399.023 0 0
33.5 399.023 0 0
33.6 399.023 0 0
33.7 399.023 0 0
33.8 399.023 0 0
33.9 399.023 0 0
34 399.023 0 0
34.1 399.023 0 0
34.2 399.023 0 0
34.3 399.023 0 0
34.4 399.023 0 0
34.5 399.023 0 0
34.6 399.023 0 0
34.7 399.023 0 0
34.8 399.023 0 0
34.9 399.023 0 0
35 399.023 0 0
35.1 399.023 0 0
35.2 399.023 0 0
35.3 399.023 0 0
35.4 399.023 0 0
35.5 399.023 0 0
35.6 399.023 0 0
35.7 399.023 0 0
35.8 399.023 0 0
35.9 399.023 0 0
36 399.023 0 0
36.1 399.023 0 0
36.2 399.023 0 0
36.3 399.023 0 0
36.4 399.023 0 0
36.5 399.023 0 0
36.6 399.023 0 0
36.7 399.023 0 0
36.8 399.023 0 0
36.9 399.023 0 0
37 399.023 0 0
37.1 399.023 0 0
37.2 399.023 0 0
37.3 399.023 0 0
37.4 399.023 0 0
37.5 399.023 0 0
37.6 399.023 0 0
37.7 399.023 0 0
37.8 399.023 0 0
37.9 399.023 0 0
38 399.023 0 0
38.1 399.023 0 0
38.2 399.023 0 0
38.3 399.023 0 0
38.4 399.023 0 0
38.5 399.023 0 0
38.6 399.023 0 0
38.7 399.023 0 0
38.8 399.023 0 0
38.9 399.023 0 0
39 399.023 0 0
39.1 399.023 0 0
39.2 399.023 0 0
39.3 399.023 0 0
39.4 399.023 0 0
39.5 399.023 0 0
39.6 399.023 0 0
39.7 399.023 0 0
39.8 399.023 0 0
39.9 399.023 0 0
40 399.023 0 0
40.1 399.023 0 0
40.2 399.023 0 0
40.3 399.023 0 0
40.4 399.023 0 0
40.5 399.023 0 0
40.6 399.023 0 0
40.7 399.023 0 0
40.8 399.023 0 0
40.9 399.023 0 0
41 399.023 0 0
41.1 399.023 0 0
41.2 399.023 0 0
41.3 399.023 0 0
41.4 399.023 0 0
41.5 399.023 0 0
41.6 399.023 0 0
41.7 399.023 0 0
41.8 399.023 0 0
41.9 399.023 0 0
42 399.023 0 0
42.1 399.023 0 0
42.2 399.023 0 0
42.3 399.023 0 0
42.4 399.023 0 0
42.5 399.023 0 0
42.6 399.023 0 0
42.7 399.023 0 0
42.8 399.023 0 0
42.9 399.023 0 0
43 399.023 0 0
43.1 399.023 0 0
43.2 399.023 0 0
43.3 399.023 0 0
43.4 399.023 0 0
43.5 399.023 0 0
43.6 399.023 0 0
43.7 399.023 0 0
43.8 399.023 0 0
43.9 399.023 0 0
44 399.023 0 0
44.1 399.023 0 0
44.2 399.023 0 0
44.3 399.023 0 0
44.4 399.023 0 0
44.5 399.023 0 0
44.6 399.023 0 0
44.7 399.023 0 0
44.8 399.023 0 0
44.9 399.023 0 0
45 399.023 0 0
45.1 399.023 0 0
45.2 399.023 0 0
45.3 399.023 0 0
45.4 399.023 0 0
45.5 399.023 0 0
45.6 399.023 0 0
45.7 399.023 0 0
45.8 399.023 0 0
45.9 399.023 0 0
46 399.023 0 0
46.1 399.023 0 0
46.2 399.023 0 0
46.3 399.023 0 0
46.4 399.023 0 0
46.5 399.023 0 0
46.6 399.023 0 0
46.7 399.023 0 0
46.8 399.023 0 0
46.9 399.023 0 0
47 399.023 0 0
47.1 399.023 0 0
47.2 399.023 0 0
47.3 399.023 0 0
47.4 399.023 0 0
47.5 399.023 0 0
47.6 399.023 0 0
47.7 399.023 0 0
47.8 399.023 0 0
47.9 399.023 0 0
48 399.023 0 0
48.1 399.023 0 0
48.2 399.023 0 0
48.3 399.023 0 0
48.4 399.023 0 0
48.5 399.023 0 0
48.6 399.023 0 0
48.7 399.023 0 0
48.8 399.023 0 0
48.9 399.023 0 0
49 399.023 0 0
49.1 399.023 0 0
49.2 399.023 0 0
49.3 399.023 0 0
49.4 399.023 0 0
49.5 399.023 0 0
49.6 399.023 0 0
49.7 399.023 0 0
49.8 399.023 0 0
49.9 399.023 0 0
50 399.023 0 0
50.1 399.023 0 0
50.2 399.023 0 0
50.3 399.023 0 0
50.4 399.023 0 0
50.5 399.023 0 0
50.6 399.023 0 0
50.7 399.023 0 0
50.8 399.023 0 0
50.9 399.023 0 0
51 399.023 0 0
51.1 399.023 0 0
51.2 399.023 0 0
51.3 399.023 0 0
51.4 399.023 0 0
51.5 399.023 0 0
51.6 399.023 0 0
51.7 399.023 0 0
51.8 399.023 0 0
51.9 399.023 0 0
52 399.023 0 0
52.1 399.023 0 0
52.2 399.023 0 0
52.3 399.023 0 0
52.4 399.023 0 0
52.5 399.023 0 0
52.6 399.023 0 0
52.7 399.023 0 0
52.8 399.023 0 0
52.9 399.023 0 0
53 399.023 0 0
53.1 399.023 0 0
53.2 399.023 0 0
53.3 399.023 0 0
53.4 399.023 0 0
53.5 399.023 0 0
53.6 399.023 0 0
53.7 399.023 0 0
53.8 399.023 0 0
53.9 399.023 0 0
54 399.023 0 0
54.1 399.023 0 0
54.2 399.023 0 0
54.3 399.023 0 0
54.4 399.023 0 0
54.5 399.023 0 0
54.6 399.023 0 0
54.7 399.023 0 0
54.8 399.023 0 0
54.9 399.023 0 0
55 399.023 0 0
55.1 399.023 0 0
55.2 399.023 0 0
55.3 399.023 0 0
55.4 399.023 0 0
55.5 399.023 0 0
55.6 399.023 0 0
55.7 399.023 0 0
55.8 399.023 0 0
55.9 399.023 0 0
56 399.023 0 0
56.1 399.023 0 0
56.2 399.023 0 0
56.3 399.023 0 0
56.4 399.023 0 0
56.5 399.023 0 0
56.6 399.023 0 0
56.7 399.023 0 0
56.8 399.023 0 0
56.9 399.023 0 0
57 399.023 0 0
57.1 399.023 0 0
57.2 399.023 0 0
57.3 399.023 0 0
57.4 399.023 0 0
57.5 399.023 0 0
57.6 399.023 0 0
57.7 399.023 0 0
57.8 399.023 0 0
57.9 399.023 0 0
58 399.023 0 0
58.1 399.023 0 0
58.2 399.023 0 0
58.3 399.023 0 0
58.4 399.023 0 0
58.5 399.023 0 0
58.6 399.023 0 0
58.7 399.023 0 0
58.8 399.023 0 0
58.9 399.023 0 0
59 399.023 0 0
59.1 399.023 0 0
59.2 399.023 0 0
59.3 399.023 0 0
59.4 399.023 0 0
59.5 399.023 0 0
59.6 399.023 0 0
59.7 399.023 0 0
59.8 399.023 0 0
59.9 399.023 0 0
60 399.023 0 0
60.1 399.023 0 0
60.2 399.023 0 0
60.3 399.023 0 0
60.4 399.023 0 0
60.5 399.023 0 0
60.6 399.023 0 0
60.7 399.023 0 0
60.8 399.023 0 0
60.9 399.023 0 0
61 399.023 0 0
61.1 399.023 0 0
61.2 399.023 0 0
61.3 399.023 0 0
61.4 399.023 0 0
61.5 399.023 0 0
61.6 399.023 0 0
61.7 399.023 0 0
61.8 399.023 0 0
61.9 399.023 0 0
62 399.023 0 0
62.1 399.023 0 0
62.2 399.023 0 0
62.3 399.023 0 0
62.4 399.023 0 0
62.5 399.023 0 0
62.6 399.023 0 0
62.7 399.023 0 0
62.8 399.023 0 0
62.9 399.023 0 0
63 399.023 0 0
63.1 399.023 0 0
63.2 399.023 0 0
63.3 399.023 0 0
63.4 399.023 0 0
63.5 399.023 0 0
63.6 399.023 0 0
63.7 399.023 0 0
63.8 399.023 0 0
63.9 399.023 0 0
64 399.023 0 0
64.1 399.023 0 0
64.2 399.023 0 0
64.3 399.023 0 0
64.4 399.023 0 0
64.5 399.023 0 0
64.6 399.023 0 0
64.7 399.023 0 0
64.8 399.023 0 0
64.9 399.023 0 0
65 399.023 0 0
65.1 399.023 0 0
65.2 399.023 0 0
65.3 399.023 0 0
65.4 399.023 0 0
65.5 399.023 0 0
65.6 399.023 0 0
65.7 399.023 0 0
65.8 399.023 0 0
65.9 399.023 0 0
66 399.023 0 0
66.1 399.023 0 0
66.2 399.023 0 0
66.3 399.023 0 0
66.4 399.023 0 0
66.5 399.023 0 0
66.6 399.023 0 0
66.7 399.023 0 0
66.8 399.023 0 0
66.9 399.023 0 0
67 399.023 0 0
67.1 399.023 0 0
67.2 399.023 0 0
67.3 399.023 0 0
67.4 399.023 0 0
67.5 399.023 0 0
67.6 399.023 0 0
67.7 399.023 0 0
67.8 399.023 0 0
67.9 399.023 0 0
68 399.023 0 0
68.1 399.023 0 0
68.2 399.023 0 0
68.3 399.023 0 0
68.4 399.023 0 0
68.5 399.023 0 0
68.6 399.023 0 0
68.7 399.023 0 0
68.8 399.023 0 0
68.9 399.023 0 0
69 399.023 0 0
69.1 399.023 0 0
69.2 399.023 0 0
69.3 399.023 0 0
69.4 399.023 0 0
69.5 399.023 0 0
69.6 399.023 0 0
69.7 399.023 0 0
69.8 399.023 0 0
69.9 399.023 0 0
70 399.023 0 0
70.1 399.023 0 0
70.2 399.023 0 0
70.3 399.023 0 0
70.4 399.023 0 0
70.5 399.023 0 0
70.6 399.023 0 0
70.7 399.023 0 0
70.8 399.023 0 0
70.9 399.023 0 0
71 399.023 0 0
71.1 399.023 0 0
71.2 399.023 0 0
71.3 399.023 0 0
71.4 399.023 0 0
71.5 399.023 0 0
71.6 399.023 0 0
71.7 399.023 0 0
71.8 399.023 0 0
71.9 399.023 0 0
72 399.023 0 0
72.1 399.023 0 0
72.2 399.023 0 0
72.3 399.023 0 0
72.4 399.023 0 0
72.5 399.023 0 0
72.6 399.023 0 0
72.7 399.023 0 0
72.8 399.023 0 0
72.9 399.023 0 0
73 399.023 0 0
73.1 399.023 0 0
73.2 399.023 0 0
73.3 399.023 0 0
73.4 399.023 0 0
73.5 399.023 0 0
73.6 399.023 0 0
73.7 399.023 0 0
73.8 399.023 0 0
73.9 399.023 0 0
74 399.023 0 0
74.1 399.023 0 0
74.2 399.023 0 0
74.3 399.023 0 0
74.4 399.023 0 0
74.5 399.023 0 0
74.6 399.023 0 0
74.7 399.023 0 0
74.8 399.023 0 0
74.9 399.023 0 0
75 399.023 0 0
75.1 399.023 0 0
75.2 399.023 0 0
75.3 399.023 0 0
75.4 399.023 0 0
75.5 399.023 0 0
75.6 399.023 0 0
75.7 399.023 0 0
75.8 399.023 0 0
75.9 399.023 0 0
76 399.023 0 0
76.1 399.023 0 0
76.2 399.023 0 0
76.3 399.023 0 0
76.4 399.023 0 0
76.5 399.023 0 0
76.6 399.023 0 0
76.7 399.023 0 0
76.8 399.023 0 0
76.9 399.023 0 0
77 399.023 0 0
77.1 399.023 0 0
77.2 399.023 0 0
77.3 399.023 0 0
77.4 399.023 0 0
77.5 399.023 0 0
77.6 399.023 0 0
77.7 399.023 0 0
77.8 399.023 0 0
77.9 399.023 0 0
78 399.023 0 0
78.1 399.023 0 0
78.2 399.023 0 0
78.3 399.023 0 0
78.4 399.023 0 0
78.5 399.023 0 0
78.6 399.023 0 0
78.7 399.023 0 0
78.8 399.023 0 0
78.9 399.023 0 0
79 399.023 0 0
79.1 399.023 0 0
79.2 399.023 0 0
79.3 399.023 0 0
79.4 399.023 0 0
79.5 399.023 0 0
79.6 399.023 0 0
79.7 399.023 0 0
79.8 399.023 0 0
79.9 399.023 0 0
80 399.023 0 0
80.1 399.023 0 0
80.2 399.023 0 0
80.3 399.023 0 0
80.4 399.023 0 0
80.5 399.023 0 0
80.6 399.023 0 0
80.7 399.023 0 0
80.8 399.023 0 0
80.9 399.023 0 0
81 399.023 0 0
81.1 399.023 0 0
81.2 399.023 0 0
81.3 399.023 0 0
81.4 399.023 0 0
81.5 399.023 0 0
81.6 399.023 0 0
81.7 399.023 0 0
81.8 399.023 0 0
81.9 399.023 0 0
82 399.023 0 0
82.1 399.023 0 0
82.2 399.023 0 0
82.3 399.023 0 0
82.4 399.023 0 0
82.5 399.023 0 0
82.6 399.023 0 0
82.7 399.023 0 0
82.8 399.023 0 0
82.9 399.023 0 0
83 399.023 0 0
83.1 399.023 0 0
83.2 399.023 0 0
83.3 399.023 0 0
83.4 399.023 0 0
83.5 399.023 0 0
83.6 399.023 0 0
83.7 399.023 0 0
83.8 399.023 0 0
83.9 399.023 0 0
84 399.023 0 0
84.1 399.023 0 0
84.2 399.023 0 0
84.3 399.023 0 0
84.4 399.023 0 0
84.5 399.023 0 0
84.6 399.023 0 0
84.7 399.023 0 0
84.8 399.023 0 0
84.9 399.023 0 0
85 399.023 0 0
85.1 399.023 0 0
85.2 399.023 0 0
85.3 399.023 0 0
85.4 399.023 0 0
85.5 399.023 0 0
85.6 399.023 0 0
85.7 399.023 0 0
85.8 399.023 0 0
85.9 399.023 0 0
86 399.023 0 0
86.1 399.023 0 0
86.2 399.023 0 0
86.3 399.023 0 0
86.4 399.023 0 0
86.5 399.023 0 0
86.6 399.023 0 0
86.7 399.023 0 0
86.8 399.023 0 0
86.9 399.023 0 0
87 399.023 0 0
87.1 399.023 0 0
87.2 399.023 0 0
87.3 399.023 0 0
87.4 399.023 0 0
87.5 399.023 0 0
87.6 399.023 0 0
87.7 399.023 0 0
87.8 399.023 0 0
87.9 399.023 0 0
88 399.023 0 0
88.1 399.023 0 0
88.2 399.023 0 0
88.3 399.023 0 0
88.4 399.023 0 0
88.5 399.023 0 0
88.6 399.023 0 0
88.7 399.023 0 0
88.8 399.023 0 0
88.9 399.023 0 0
89 399.023 0 0
89.1 399.023 0 0
89.2 399.023 0 0
89.3 399.023 0 0
89.4 399.023 0 0
89.5 399.023 0 0
89.6 399.023 0 0
89.7 399.023 0 0
89.8 399.023 0 0
89.9 399.023 0 0
90 399.023 0 0
90.1 399.023 0 0
90.2 399.023 0 0
90.3 399.023 0 0
90.4 399.023 0 0
90.5 399.023 0 0
90.6 399.023 0 0
90.7 399.023 0 0
90.8 399.023 0 0
90.9 399.023 0 0
91 399.023 0 0
91.1 399.023 0 0
91.2 399.023 0 0
91.3 399.023 0 0
91.4 399.023 0 0
91.5 399.023 0 0
91.6 399.023 0 0
91.7 399.023 0 0
91.8 399.023 0 0
91.9 399.023 0 0
92 399.023 0 0
92.1 399.023 0 0
92.2 399.023 0 0
92.3 399.023 0 0
92.4 399.023 0 0
92.5 399.023 0 0
92.6 399.023 0 0
92.7 399.023 0 0
92.8 399.023 0 0
92.9 399.023 0 0
93 399.023 0 0
93.1 399.023 0 0
93.2 399.023 0 0
93.3 399.023 0 0
93.4 399.023 0 0
93.5 399.023 0 0
93.6 399.023 0 0
93.7 399.023 0 0
93.8 399.023 0 0
93.9 399.023 0 0
94 399.023 0 0
94.1 399.023 0 0
94.2 399.023 0 0
94.3 399.023 0 0
94.4 399.023 0 0
94.5 399.023 0 0
94.6 399.023 0 0
94.7 399.023 0 0
94.8 399.023 0 0
94.9 399.023 0 0
95 399.023 0 0
95.1 399.023 0 0
95.2 399.023 0 0
95.3 399.023 0 0
95.4 399.023 0 0
95.5 399.023 0 0
95.6 399.023 0 0
95.7 399.023 0 0
95.8 399.023 0 0
95.9 399.023 0 0
96 399.023 0 0
96.1 399.023 0 0
96.2 399.023 0 0
96.3 399.023 0 0
96.4 399.023 0 0
96.5 399.023 0 0
96.6 399.023 0 0
96.7 399.023 0 0
96.8 399.023 0 0
96.9 399.023 0 0
97 399.023 0 0
97.1 399.023 0 0
97.2 399.023 0 0
97.3 399.023 0 0
97.4 399.023 0 0
97.5 399.023 0 0
97.6 399.023 0 0
97.7 399.023 0 0
97.8 399.023 0 0
97.9 399.023 0 0
98 399.023 0 0
98.1 399.023 0 0
98.2 399.023 0 0
98.3 399.023 0 0
98.4 399.023 0 0
98.5 399.023 0 0
98.6 399.023 0 0
98.7 399.023 0 0
98.8 399.023 0 0
98.9 399.023 0 0
99 399.023 0 0
99.1 399.023 0 0
99.2 399.023 0 0
99.3 399.023 0 0
99.4 399.023 0 0
99.5 399.023 0 0
99.6 399.023 0 0
99.7 399.023 0 0
99.8 399.023 0 0
99.9 399.023 0 0
100 399.023 0 0
-----------------------------------------
