A
t S I R
0 300 100 0
0.1 255 135 10
0.2 203.863 173.137 23
0.3 152.07 208.766 39.1637
0.4 106.41 235.508 58.0822
0.5 71.7277 249.543 78.7288
0.6 48.8198 251.433 99.7467
0.7 35.3991 244.698 119.903
0.8 28.4053 233.217 138.377
0.9 25.3914 219.828 154.78
1 24.7623 206.214 169.024
1.1 25.559 193.247 181.194
1.2 27.2158 181.325 191.459
1.3 29.3934 170.588 200.019
1.4 31.8815 161.042 207.077
1.5 34.5439 152.629 212.827
1.6 37.2883 145.263 217.449
1.7 40.0495 138.848 221.102
1.8 42.7793 133.289 223.932
1.9 45.4411 128.495 226.064
2 48.0067 124.383 227.611
2.1 50.454 120.878 228.668
2.2 52.7657 117.912 229.323
2.3 54.929 115.423 229.648
2.4 56.9343 113.358 229.708
2.5 58.7754 111.667 229.558
2.6 60.4488 110.304 229.247
2.7 61.9539 109.231 228.815
2.8 63.2923 108.41 228.297
2.9 64.4678 107.809 227.723
3 65.4862 107.396 227.118
3.1 66.355 107.143 226.502
3.2 67.0831 107.026 225.891
3.3 67.6805 107.02 225.299
3.4 68.1582 107.106 224.736
3.5 68.5278 107.262 224.21
3.6 68.8012 107.473 223.726
3.7 68.9902 107.723 223.287
3.8 69.1067 107.999 222.895
3.9 69.1622 108.288 222.55
4 69.1674 108.582 222.251
4.1 69.1325 108.871 221.997
4.2 69.0667 109.149 221.784
4.3 68.9785 109.412 221.61
4.4 68.8753 109.654 221.47
4.5 68.7635 109.874 221.362
4.6 68.6486 110.07 221.282
4.7 68.5352 110.24 221.224
4.8 68.4269 110.386 221.187
4.9 68.3267 110.507 221.167
5 68.2367 110.604 221.159
5.1 68.1584 110.68 221.161
5.2 68.0928 110.736 221.171
5.3 68.0404 110.773 221.186
5.4 68.0011 110.795 221.204
5.5 67.9749 110.802 221.224
5.6 67.9611 110.796 221.243
5.7 67.9591 110.781 221.26
5.8 67.9681 110.757 221.275
5.9 67.9872 110.726 221.287
6 68.0153 110.689 221.295
6.1 68.0516 110.649 221.299
6.2 68.0949 110.606 221.299
6.3 68.1445 110.56 221.295
6.4 68.1994 110.514 221.286
6.5 68.2588 110.468 221.273
6.6 68.322 110.422 221.257
6.7 68.3882 110.376 221.236
6.8 68.4569 110.331 221.212
6.9 68.5275 110.288 221.184
7 68.5997 110.247 221.154
7.1 68.6729 110.206 221.121
7.2 68.747 110.168 221.085
7.3 68.8217 110.13 221.048
7.4 68.8967 110.095 221.009
7.5 68.972 110.06 220.968
7.6 69.0475 110.027 220.925
7.7 69.123 109.995 220.882
7.8 69.1986 109.964 220.837
7.9 69.2742 109.934 220.792
8 69.3499 109.905 220.746
8.1 69.4258 109.875 220.699
8.2 69.5018 109.847 220.651
8.3 69.5781 109.818 220.603
8.4 69.6547 109.79 220.555
8.5 69.7317 109.762 220.506
8.6 69.8091 109.734 220.457
8.7 69.887 109.705 220.408
8.8 69.9656 109.677 220.358
8.9 70.0448 109.648 220.308
9 70.1248 109.618 220.257
9.1 70.2055 109.588 220.206
9.2 70.2871 109.558 220.155
9.3 70.3696 109.528 220.103
9.4 70.453 109.497 220.05
9.5 70.5374 109.465 219.997
9.6 70.6228 109.433 219.944
9.7 70.7092 109.401 219.89
9.8 70.7966 109.368 219.836
9.9 70.8852 109.334 219.781
10 70.9748 109.3 219.725
10.1 71.0655 109.266 219.669
10.2 71.1573 109.231 219.612
10.3 71.2502 109.195 219.554
10.4 71.3443 109.159 219.496
10.5 71.4394 109.123 219.437
10.6 71.5357 109.086 219.378
10.7 71.6331 109.049 219.318
10.8 71.7316 109.012 219.257
10.9 71.8312 108.974 219.195
11 71.9319 108.935 219.133
11.1 72.0338 108.897 219.07
11.2 72.1367 108.858 219.006
11.3 72.2408 108.818 218.941
11.4 72.346 108.778 218.876
11.5 72.4523 108.738 218.81
11.6 72.5597 108.697 218.743
11.7 72.6682 108.656 218.676
11.8 72.7778 108.615 218.608
11.9 72.8885 108.573 218.539
12 73.0004 108.531 218.469
12.1 73.1133 108.488 218.399
12.2 73.2274 108.445 218.328
12.3 73.3426 108.402 218.256
12.4 73.4589 108.358 218.183
12.5 73.5763 108.314 218.11
12.6 73.6948 108.27 218.036
12.7 73.8145 108.225 217.961
12.8 73.9353 108.179 217.885
12.9 74.0573 108.134 217.809
13 74.1804 108.088 217.732
13.1 74.3047 108.041 217.654
13.2 74.4301 107.994 217.575
13.3 74.5566 107.947 217.496
13.4 74.6843 107.9 217.416
13.5 74.8132 107.852 217.335
13.6 74.9433 107.803 217.254
13.7 75.0745 107.754 217.171
13.8 75.207 107.705 217.088
13.9 75.3406 107.655 217.004
14 75.4754 107.605 216.919
14.1 75.6114 107.555 216.834
14.2 75.7486 107.504 216.748
14.3 75.887 107.452 216.661
14.4 76.0267 107.4 216.573
14.5 76.1675 107.348 216.484
14.6 76.3096 107.295 216.395
14.7 76.4529 107.242 216.305
14.8 76.5974 107.189 216.214
14.9 76.7432 107.135 216.122
15 76.8902 107.08 216.029
15.1 77.0385 107.026 215.936
15.2 77.188 106.97 215.842
15.3 77.3388 106.915 215.747
15.4 77.4909 106.858 215.651
15.5 77.6442 106.802 215.554
15.6 77.7989 106.745 215.457
15.7 77.9548 106.687 215.358
15.8 78.1119 106.629 215.259
15.9 78.2704 106.571 215.159
16 78.4302 106.512 215.058
16.1 78.5913 106.452 214.956
16.2 78.7537 106.393 214.854
16.3 78.9174 106.332 214.75
16.4 79.0824 106.272 214.646
16.5 79.2488 106.21 214.541
16.6 79.4165 106.149 214.435
16.7 79.5855 106.087 214.328
16.8 79.7559 106.024 214.22
16.9 79.9276 105.961 214.112
17 80.1007 105.897 214.002
17.1 80.2751 105.833 213.892
17.2 80.4509 105.769 213.78
17.3 80.6281 105.704 213.668
17.4 80.8067 105.638 213.555
17.5 80.9866 105.572 213.441
17.6 81.168 105.506 213.326
17.7 81.3507 105.439 213.211
17.8 81.5349 105.371 213.094
17.9 81.7204 105.303 212.976
18 81.9074 105.235 212.858
18.1 82.0958 105.166 212.738
18.2 82.2856 105.096 212.618
18.3 82.4769 105.026 212.497
18.4 82.6696 104.956 212.375
18.5 82.8637 104.885 212.251
18.6 83.0593 104.813 212.127
18.7 83.2564 104.741 212.002
18.8 83.4549 104.669 211.876
18.9 83.6549 104.596 211.749
19 83.8563 104.522 211.622
19.1 84.0593 104.448 211.493
19.2 84.2637 104.373 211.363
19.3 84.4697 104.298 211.232
19.4 84.6771 104.223 211.1
19.5 84.8861 104.146 210.968
19.6 85.0966 104.07 210.834
19.7 85.3086 103.992 210.699
19.8 85.5221 103.915 210.563
19.9 85.7371 103.836 210.427
20 85.9538 103.757 210.289
20.1 86.1719 103.678 210.15
20.2 86.3916 103.598 210.01
20.3 86.6129 103.517 209.87
20.4 86.8357 103.436 209.728
20.5 87.0602 103.355 209.585
20.6 87.2862 103.272 209.441
20.7 87.5138 103.19 209.297
20.8 87.7429 103.106 209.151
20.9 87.9737 103.022 209.004
21 88.2061 102.938 208.856
21.1 88.4401 102.853 208.707
21.2 88.6758 102.767 208.557
21.3 88.913 102.681 208.406
21.4 89.1519 102.595 208.254
21.5 89.3925 102.507 208.1
21.6 89.6346 102.419 207.946
21.7 89.8785 102.331 207.791
21.8 90.124 102.242 207.634
21.9 90.3711 102.152 207.477
22 90.62 102.062 207.318
22.1 90.8705 101.971 207.158
22.2 91.1227 101.88 206.998
22.3 91.3766 101.788 206.836
22.4 91.6322 101.695 206.673
22.5 91.8895 101.602 206.509
22.6 92.1486 101.508 206.343
22.7 92.4093 101.414 206.177
22.8 92.6718 101.319 206.009
22.9 92.936 101.223 205.841
23 93.2019 101.127 205.671
23.1 93.4696 101.03 205.5
23.2 93.739 100.933 205.328
23.3 94.0102 100.835 205.155
23.4 94.2832 100.736 204.981
23.5 94.5579 100.637 204.805
23.6 94.8344 100.537 204.629
23.7 95.1127 100.436 204.451
23.8 95.3928 100.335 204.272
23.9 95.6747 100.233 204.092
24 95.9583 100.131 203.911
24.1 96.2438 100.028 203.728
24.2 96.5311 99.9242 203.545
24.3 96.8202 99.8199 203.36
24.4 97.1112 99.715 203.174
24.5 97.4039 99.6094 202.987
24.6 97.6986 99.5032 202.798
24.7 97.995 99.3963 202.609
24.8 98.2933 99.2888 202.418
24.9 98.5934 99.1807 202.226
25 98.8954 99.0719 202.033
25.1 99.1993 98.9625 201.838
25.2 99.5051 98.8524 201.643
25.3 99.8127 98.7417 201.446
25.4 100.122 98.6303 201.248
25.5 100.434 98.5183 201.048
25.6 100.747 98.4056 200.848
25.7 101.062 98.2922 200.646
25.8 101.379 98.1782 200.443
25.9 101.698 98.0636 200.238
26 102.019 97.9483 200.033
26.1 102.342 97.8323 199.826
26.2 102.666 97.7157 199.618
26.3 102.993 97.5984 199.409
26.4 103.322 97.4804 199.198
26.5 103.652 97.3618 198.986
26.6 103.984 97.2425 198.773
26.7 104.319 97.1225 198.559
26.8 104.655 97.0019 198.343
26.9 104.993 96.8806 198.126
27 105.334 96.7587 197.908
27.1 105.676 96.636 197.688
27.2 106.02 96.5128 197.467
27.3 106.366 96.3888 197.245
27.4 106.714 96.2642 197.022
27.5 107.064 96.1388 196.797
27.6 107.416 96.0129 196.571
27.7 107.77 95.8862 196.344
27.8 108.126 95.7589 196.115
27.9 108.484 95.6309 195.886
28 108.843 95.5023 195.654
28.1 109.205 95.3729 195.422
28.2 109.569 95.2429 195.188
28.3 109.935 95.1122 194.953
28.4 110.303 94.9809 194.717
28.5 110.672 94.8489 194.479
28.6 111.044 94.7162 194.24
28.7 111.418 94.5828 193.999
28.8 111.793 94.4488 193.758
28.9 112.171 94.3141 193.515
29 112.551 94.1788 193.27
29.1 112.933 94.0428 193.025
29.2 113.316 93.9061 192.778
29.3 113.702 93.7687 192.529
29.4 114.089 93.6307 192.28
29.5 114.479 93.492 192.029
29.6 114.871 93.3527 191.777
29.7 115.264 93.2127 191.523
29.8 115.66 93.0721 191.268
29.9 116.057 92.9308 191.012
30 116.457 92.7888 190.755
30.1 116.858 92.6462 190.496
30.2 117.262 92.5029 190.236
30.3 117.667 92.359 189.974
30.4 118.074 92.2145 189.711
30.5 118.484 92.0693 189.447
30.6 118.895 91.9235 189.182
30.7 119.308 91.777 188.915
30.8 119.723 91.6299 188.647
30.9 120.14 91.4822 188.378
31 120.559 91.3338 188.107
31.1 120.98 91.1849 187.835
31.2 121.403 91.0353 187.562
31.3 121.828 90.885 187.287
31.4 122.255 90.7342 187.011
31.5 122.683 90.5828 186.734
31.6 123.114 90.4307 186.456
31.7 123.546 90.2781 186.176
31.8 123.98 90.1248 185.895
31.9 124.416 89.971 185.613
32 124.854 89.8165 185.329
32.1 125.294 89.6615 185.044
32.2 125.736 89.5059 184.758
32.3 126.179 89.3498 184.471
32.4 126.625 89.193 184.182
32.5 127.072 89.0357 183.893
32.6 127.521 88.8779 183.602
32.7 127.971 88.7194 183.309
32.8 128.424 88.5605 183.016
32.9 128.878 88.401 182.721
33 129.334 88.241 182.425
33.1 129.792 88.0804 182.128
33.2 130.251 87.9193 181.83
33.3 130.712 87.7577 181.53
33.4 131.175 87.5956 181.229
33.5 131.64 87.433 180.927
33.6 132.106 87.2699 180.624
33.7 132.574 87.1063 180.32
33.8 133.043 86.9423 180.015
33.9 133.514 86.7777 179.708
34 133.987 86.6128 179.401
34.1 134.461 86.4473 179.092
34.2 134.937 86.2814 178.782
34.3 135.414 86.1151 178.471
34.4 135.893 85.9484 178.159
34.5 136.373 85.7812 177.846
34.6 136.855 85.6136 177.532
34.7 137.338 85.4456 177.216
34.8 137.823 85.2773 176.9
34.9 138.309 85.1085 176.583
35 138.796 84.9394 176.265
35.1 139.285 84.77 175.945
35.2 139.775 84.6001 175.625
35.3 140.266 84.43 175.304
35.4 140.759 84.2595 174.982
35.5 141.253 84.0887 174.658
35.6 141.748 83.9176 174.334
35.7 142.244 83.7463 174.009
35.8 142.742 83.5746 173.684
35.9 143.24 83.4027 173.357
36 143.74 83.2305 173.029
36.1 144.241 83.0581 172.701
36.2 144.743 82.8854 172.372
36.3 145.246 82.7126 172.042
36.4 145.75 82.5395 171.711
36.5 146.254 82.3663 171.379
36.6 146.76 82.1929 171.047
36.7 147.267 82.0193 170.714
36.8 147.774 81.8456 170.38
36.9 148.283 81.6717 170.046
37 148.792 81.4978 169.711
37.1 149.302 81.3237 169.375
37.2 149.812 81.1496 169.038
37.3 150.323 80.9754 168.701
37.4 150.835 80.8011 168.364
37.5 151.347 80.6268 168.026
37.6 151.86 80.4525 167.687
37.7 152.374 80.2782 167.348
37.8 152.888 80.1039 167.009
37.9 153.402 79.9296 166.668
38 153.917 79.7554 166.328
38.1 154.432 79.5812 165.987
38.2 154.947 79.4072 165.646
38.3 155.462 79.2332 165.304
38.4 155.978 79.0594 164.962
38.5 156.494 78.8857 164.62
38.6 157.01 78.7121 164.278
38.7 157.526 78.5388 163.935
38.8 158.042 78.3656 163.592
38.9 158.558 78.1927 163.249
39 159.074 78.0199 162.906
39.1 159.59 77.8475 162.563
39.2 160.105 77.6753 162.219
39.3 160.621 77.5035 161.876
39.4 161.136 77.3319 161.532
39.5 161.65 77.1607 161.189
39.6 162.165 76.9899 160.846
39.7 162.678 76.8194 160.502
39.8 163.191 76.6494 160.159
39.9 163.704 76.4797 159.816
40 164.216 76.3106 159.473
40.1 164.727 76.1419 159.131
40.2 165.238 75.9737 158.788
40.3 165.748 75.806 158.446
40.4 166.257 75.6388 158.105
40.5 166.765 75.4723 157.763
40.6 167.271 75.3063 157.422
40.7 167.777 75.1409 157.082
40.8 168.282 74.9762 156.742
40.9 168.786 74.8121 156.402
41 169.288 74.6487 156.063
41.1 169.789 74.486 155.725
41.2 170.288 74.324 155.387
41.3 170.787 74.1629 155.05
41.4 171.283 74.0024 154.714
41.5 171.778 73.8428 154.379
41.6 172.272 73.6841 154.044
41.7 172.763 73.5262 153.71
41.8 173.253 73.3691 153.377
41.9 173.741 73.213 153.045
42 174.228 73.0579 152.715
42.1 174.712 72.9037 152.385
42.2 175.194 72.7504 152.056
42.3 175.674 72.5982 151.728
42.4 176.152 72.4471 151.401
42.5 176.627 72.297 151.076
42.6 177.1 72.148 150.752
42.7 177.571 72.0001 150.429
42.8 178.039 71.8534 150.108
42.9 178.505 71.7078 149.788
43 178.967 71.5635 149.469
43.1 179.428 71.4204 149.152
43.2 179.885 71.2785 148.836
43.3 180.34 71.1379 148.522
43.4 180.791 70.9987 148.21
43.5 181.24 70.8608 147.899
43.6 181.685 70.7242 147.591
43.7 182.128 70.5891 147.283
43.8 182.567 70.4553 146.978
43.9 183.002 70.323 146.675
44 183.434 70.1922 146.373
44.1 183.863 70.0629 146.074
44.2 184.288 69.9352 145.777
44.3 184.71 69.809 145.481
44.4 185.128 69.6843 145.188
44.5 185.542 69.5613 144.897
44.6 185.952 69.44 144.608
44.7 186.358 69.3203 144.322
44.8 186.76 69.2023 144.038
44.9 187.158 69.086 143.756
45 187.552 68.9715 143.477
45.1 187.941 68.8588 143.2
45.2 188.326 68.7478 142.926
45.3 188.707 68.6387 142.655
45.4 189.083 68.5315 142.386
45.5 189.454 68.4262 142.12
45.6 189.821 68.3227 141.856
45.7 190.183 68.2212 141.596
45.8 190.54 68.1217 141.338
45.9 190.893 68.0242 141.083
46 191.24 67.9286 140.832
46.1 191.582 67.8352 140.583
46.2 191.919 67.7438 140.337
46.3 192.251 67.6545 140.095
46.4 192.577 67.5673 139.855
46.5 192.898 67.4822 139.619
46.6 193.214 67.3994 139.387
46.7 193.524 67.3187 139.157
46.8 193.828 67.2402 138.931
46.9 194.127 67.164 138.709
47 194.42 67.0901 138.49
47.1 194.707 67.0184 138.274
47.2 194.989 66.9491 138.062
47.3 195.264 66.8821 137.854
47.4 195.533 66.8174 137.65
47.5 195.796 66.7552 137.449
47.6 196.053 66.6953 137.252
47.7 196.303 66.6379 137.059
47.8 196.547 66.5829 136.87
47.9 196.785 66.5303 136.685
48 197.016 66.4803 136.503
48.1 197.241 66.4328 136.326
48.2 197.459 66.3878 136.153
48.3 197.67 66.3453 135.984
48.4 197.875 66.3054 135.82
48.5 198.073 66.268 135.659
48.6 198.264 66.2333 135.503
48.7 198.448 66.2012 135.351
48.8 198.625 66.1717 135.204
48.9 198.794 66.1449 135.061
49 198.957 66.1207 134.922
49.1 199.113 66.0992 134.788
49.2 199.261 66.0804 134.659
49.3 199.402 66.0643 134.534
49.4 199.536 66.0509 134.414
49.5 199.662 66.0403 134.298
49.6 199.781 66.0323 134.187
49.7 199.892 66.0272 134.081
49.8 199.996 66.0248 133.98
49.9 200.092 66.0252 133.883
50 200.18 66.0283 133.791
50.1 200.261 66.0343 133.705
50.2 200.334 66.043 133.623
50.3 200.399 66.0546 133.546
50.4 200.457 66.0689 133.474
50.5 200.506 66.0861 133.407
50.6 200.548 66.1061 133.346
50.7 200.582 66.129 133.289
50.8 200.608 66.1546 133.237
50.9 200.626 66.1831 133.191
51 200.636 66.2144 133.15
51.1 200.638 66.2486 133.114
51.2 200.632 66.2856 133.083
51.3 200.617 66.3254 133.057
51.4 200.595 66.368 133.037
51.5 200.565 66.4135 133.022
51.6 200.526 66.4618 133.012
51.7 200.479 66.513 133.008
51.8 200.424 66.5669 133.009
51.9 200.361 66.6236 133.015
52 200.29 66.6832 133.027
52.1 200.211 66.7455 133.044
52.2 200.123 66.8106 133.066
52.3 200.028 66.8785 133.094
52.4 199.924 66.9492 133.127
52.5 199.812 67.0226 133.165
52.6 199.692 67.0987 133.209
52.7 199.564 67.1776 133.259
52.8 199.427 67.2591 133.314
52.9 199.283 67.3434 133.374
53 199.13 67.4303 133.44
53.1 198.969 67.5199 133.511
53.2 198.801 67.6122 133.587
53.3 198.624 67.707 133.669
53.4 198.439 67.8045 133.756
53.5 198.247 67.9045 133.849
53.6 198.046 68.007 133.947
53.7 197.838 68.1122 134.05
53.8 197.621 68.2198 134.159
53.9 197.397 68.3299 134.273
54 197.165 68.4424 134.392
54.1 196.926 68.5574 134.517
54.2 196.678 68.6747 134.647
54.3 196.424 68.7945 134.782
54.4 196.161 68.9166 134.922
54.5 195.891 69.041 135.068
54.6 195.614 69.1676 135.219
54.7 195.329 69.2965 135.374
54.8 195.037 69.4277 135.535
54.9 194.738 69.561 135.701
55 194.431 69.6964 135.872
55.1 194.118 69.834 136.048
55.2 193.797 69.9736 136.229
55.3 193.469 70.1153 136.415
55.4 193.135 70.259 136.606
55.5 192.794 70.4046 136.802
55.6 192.446 70.5521 137.002
55.7 192.091 70.7016 137.207
55.8 191.73 70.8529 137.417
55.9 191.363 71.006 137.631
56 190.989 71.1608 137.85
56.1 190.609 71.3174 138.074
56.2 190.222 71.4757 138.302
56.3 189.83 71.6356 138.534
56.4 189.432 71.7971 138.771
56.5 189.027 71.9601 139.012
56.6 188.617 72.1247 139.258
56.7 188.202 72.2908 139.507
56.8 187.781 72.4582 139.761
56.9 187.354 72.6271 140.019
57 186.922 72.7973 140.281
57.1 186.485 72.9688 140.546
57.2 186.043 73.1416 140.816
57.3 185.595 73.3156 141.089
57.4 185.143 73.4907 141.366
57.5 184.686 73.667 141.647
57.6 184.224 73.8444 141.931
57.7 183.758 74.0228 142.219
57.8 183.287 74.2022 142.511
57.9 182.812 74.3826 142.805
58 182.333 74.5639 143.103
58.1 181.849 74.746 143.405
58.2 181.362 74.929 143.709
58.3 180.871 75.1128 144.016
58.4 180.376 75.2974 144.327
58.5 179.877 75.4826 144.64
58.6 179.375 75.6686 144.956
58.7 178.869 75.8551 145.276
58.8 178.36 76.0423 145.597
58.9 177.848 76.23 145.922
59 177.333 76.4182 146.249
59.1 176.815 76.607 146.578
59.2 176.294 76.7961 146.91
59.3 175.77 76.9857 147.244
59.4 175.244 77.1756 147.58
59.5 174.715 77.3659 147.919
59.6 174.184 77.5565 148.259
59.7 173.651 77.7474 148.602
59.8 173.115 77.9385 148.947
59.9 172.577 78.1298 149.293
60 172.037 78.3213 149.642
60.1 171.495 78.5129 149.992
60.2 170.952 78.7046 150.343
60.3 170.407 78.8965 150.697
60.4 169.86 79.0883 151.051
60.5 169.312 79.2802 151.408
60.6 168.763 79.4722 151.765
60.7 168.212 79.664 152.124
60.8 167.66 79.8559 152.484
60.9 167.107 80.0476 152.846
61 166.552 80.2393 153.208
61.1 165.997 80.4308 153.572
61.2 165.441 80.6222 153.936
61.3 164.885 80.8134 154.302
61.4 164.328 81.0044 154.668
61.5 163.77 81.1952 155.035
61.6 163.211 81.3858 155.403
61.7 162.653 81.5761 155.771
61.8 162.094 81.7661 156.14
61.9 161.534 81.9559 156.51
62 160.975 82.1453 156.88
62.1 160.415 82.3344 157.251
62.2 159.855 82.5231 157.621
62.3 159.296 82.7115 157.993
62.4 158.736 82.8995 158.364
62.5 158.177 83.0871 158.736
62.6 157.618 83.2743 159.108
62.7 157.059 83.4611 159.48
62.8 156.501 83.6474 159.852
62.9 155.943 83.8333 160.224
63 155.385 84.0187 160.596
63.1 154.828 84.2036 160.968
63.2 154.272 84.388 161.34
63.3 153.716 84.5719 161.712
63.4 153.161 84.7553 162.084
63.5 152.607 84.9382 162.455
63.6 152.053 85.1205 162.826
63.7 151.501 85.3023 163.197
63.8 150.949 85.4835 163.567
63.9 150.399 85.6641 163.937
64 149.849 85.8441 164.307
64.1 149.301 86.0236 164.676
64.2 148.753 86.2024 165.044
64.3 148.207 86.3807 165.412
64.4 147.662 86.5583 165.78
64.5 147.118 86.7353 166.147
64.6 146.576 86.9116 166.513
64.7 146.034 87.0873 166.878
64.8 145.494 87.2624 167.243
64.9 144.956 87.4368 167.607
65 144.419 87.6105 167.971
65.1 143.883 87.7836 168.333
65.2 143.349 87.9559 168.695
65.3 142.817 88.1276 169.056
65.4 142.286 88.2986 169.416
65.5 141.756 88.4689 169.775
65.6 141.229 88.6385 170.133
65.7 140.703 88.8074 170.49
65.8 140.178 88.9755 170.846
65.9 139.655 89.143 171.202
66 139.135 89.3097 171.556
66.1 138.615 89.4757 171.909
66.2 138.098 89.6409 172.261
66.3 137.582 89.8054 172.612
66.4 137.069 89.9692 172.962
66.5 136.557 90.1322 173.311
66.6 136.047 90.2945 173.659
66.7 135.539 90.456 174.005
66.8 135.033 90.6168 174.35
66.9 134.529 90.7768 174.695
67 134.026 90.936 175.038
67.1 133.526 91.0945 175.379
67.2 133.028 91.2522 175.72
67.3 132.532 91.4091 176.059
67.4 132.038 91.5652 176.397
67.5 131.546 91.7206 176.734
67.6 131.056 91.8752 177.069
67.7 130.568 92.029 177.403
67.8 130.082 92.1821 177.736
67.9 129.598 92.3343 178.067
68 129.117 92.4858 178.397
68.1 128.638 92.6365 178.726
68.2 128.16 92.7864 179.053
68.3 127.685 92.9355 179.379
68.4 127.212 93.0838 179.704
68.5 126.742 93.2313 180.027
68.6 126.273 93.3781 180.349
68.7 125.807 93.524 180.669
68.8 125.343 93.6692 180.988
68.9 124.881 93.8136 181.306
69 124.421 93.9572 181.622
69.1 123.964 94.1 181.936
69.2 123.508 94.242 182.25
69.3 123.056 94.3832 182.561
69.4 122.605 94.5236 182.872
69.5 122.156 94.6633 183.18
69.6 121.71 94.8022 183.488
69.7 121.266 94.9402 183.793
69.8 120.825 95.0775 184.098
69.9 120.385 95.214 184.401
70 119.948 95.3497 184.702
70.1 119.513 95.4847 185.002
70.2 119.081 95.6188 185.3
70.3 118.651 95.7522 185.597
70.4 118.223 95.8848 185.893
70.5 117.797 96.0166 186.186
70.6 117.374 96.1477 186.479
70.7 116.952 96.278 186.77
70.8 116.534 96.4075 187.059
70.9 116.117 96.5362 187.347
71 115.703 96.6641 187.633
71.1 115.291 96.7913 187.918
71.2 114.881 96.9178 188.201
71.3 114.474 97.0434 188.483
71.4 114.069 97.1683 188.763
71.5 113.666 97.2925 189.042
71.6 113.265 97.4159 189.319
71.7 112.867 97.5385 189.594
71.8 112.471 97.6604 189.869
71.9 112.077 97.7815 190.141
72 111.686 97.9019 190.412
72.1 111.297 98.0215 190.682
72.2 110.91 98.1404 190.95
72.3 110.525 98.2585 191.216
72.4 110.143 98.3759 191.481
72.5 109.762 98.4926 191.745
72.6 109.384 98.6086 192.007
72.7 109.009 98.7238 192.267
72.8 108.635 98.8382 192.526
72.9 108.264 98.952 192.784
73 107.895 99.065 193.04
73.1 107.528 99.1773 193.294
73.2 107.164 99.2889 193.547
73.3 106.801 99.3997 193.799
73.4 106.441 99.5099 194.049
73.5 106.083 99.6193 194.298
73.6 105.727 99.7281 194.545
73.7 105.374 99.8361 194.79
73.8 105.022 99.9434 195.034
73.9 104.673 100.05 195.277
74 104.326 100.156 195.518
74.1 103.981 100.261 195.758
74.2 103.638 100.366 195.996
74.3 103.298 100.47 196.233
74.4 102.959 100.573 196.468
74.5 102.623 100.675 196.702
74.6 102.289 100.777 196.934
74.7 101.957 100.878 197.165
74.8 101.627 100.979 197.395
74.9 101.299 101.078 197.623
75 100.973 101.177 197.85
75.1 100.649 101.276 198.075
75.2 100.328 101.374 198.299
75.3 100.008 101.471 198.521
75.4 99.6906 101.567 198.742
75.5 99.3752 101.663 198.962
75.6 99.0618 101.758 199.18
75.7 98.7505 101.853 199.397
75.8 98.4412 101.946 199.612
75.9 98.134 102.04 199.826
76 97.8288 102.132 200.039
76.1 97.5256 102.224 200.25
76.2 97.2244 102.315 200.46
76.3 96.9251 102.406 200.669
76.4 96.6279 102.496 200.876
76.5 96.3327 102.586 201.082
76.6 96.0394 102.674 201.286
76.7 95.7481 102.763 201.489
76.8 95.4588 102.85 201.691
76.9 95.1714 102.937 201.892
77 94.8859 103.023 202.091
77.1 94.6024 103.109 202.288
77.2 94.3208 103.194 202.485
77.3 94.0411 103.279 202.68
77.4 93.7633 103.363 202.874
77.5 93.4874 103.446 203.067
77.6 93.2134 103.529 203.258
77.7 92.9413 103.611 203.448
77.8 92.671 103.692 203.637
77.9 92.4027 103.773 203.824
78 92.1361 103.854 204.01
78.1 91.8715 103.934 204.195
78.2 91.6086 104.013 204.379
78.3 91.3476 104.091 204.561
78.4 91.0884 104.17 204.742
78.5 90.8311 104.247 204.922
78.6 90.5755 104.324 205.1
78.7 90.3217 104.4 205.278
78.8 90.0698 104.476 205.454
78.9 89.8196 104.551 205.629
79 89.5711 104.626 205.803
79.1 89.3245 104.7 205.975
79.2 89.0796 104.774 206.146
79.3 88.8364 104.847 206.316
79.4 88.595 104.92 206.485
79.5 88.3554 104.992 206.653
79.6 88.1174 105.063 206.82
79.7 87.8812 105.134 206.985
79.8 87.6466 105.204 207.149
79.9 87.4138 105.274 207.312
80 87.1826 105.344 207.474
80.1 86.9532 105.412 207.634
80.2 86.7254 105.481 207.794
80.3 86.4993 105.548 207.952
80.4 86.2748 105.616 208.11
80.5 86.052 105.682 208.266
80.6 85.8309 105.749 208.421
80.7 85.6113 105.814 208.574
80.8 85.3934 105.879 208.727
80.9 85.1771 105.944 208.879
81 84.9625 106.008 209.029
81.1 84.7494 106.072 209.179
81.2 84.5379 106.135 209.327
81.3 84.328 106.198 209.474
81.4 84.1197 106.26 209.62
81.5 83.913 106.322 209.765
81.6 83.7078 106.383 209.909
81.7 83.5042 106.444 210.052
81.8 83.3022 106.504 210.194
81.9 83.1017 106.564 210.334
82 82.9027 106.623 210.474
82.1 82.7052 106.682 210.613
82.2 82.5093 106.74 210.75
82.3 82.3149 106.798 210.887
82.4 82.122 106.856 211.022
82.5 81.9306 106.913 211.157
82.6 81.7406 106.969 211.29
82.7 81.5522 107.025 211.423
82.8 81.3652 107.081 211.554
82.9 81.1797 107.136 211.684
83 80.9957 107.191 211.814
83.1 80.8131 107.245 211.942
83.2 80.632 107.299 212.069
83.3 80.4523 107.352 212.196
83.4 80.2741 107.405 212.321
83.5 80.0973 107.457 212.446
83.6 79.9219 107.509 212.569
83.7 79.7479 107.561 212.692
83.8 79.5753 107.612 212.813
83.9 79.4041 107.662 212.934
84 79.2343 107.713 213.053
84.1 79.0659 107.762 213.172
84.2 78.8989 107.812 213.289
84.3 78.7333 107.861 213.406
84.4 78.569 107.909 213.522
84.5 78.4061 107.957 213.637
84.6 78.2445 108.005 213.751
84.7 78.0843 108.052 213.864
84.8 77.9255 108.099 213.976
84.9 77.7679 108.145 214.087
85 77.6118 108.191 214.197
85.1 77.4569 108.237 214.306
85.2 77.3033 108.282 214.415
85.3 77.1511 108.327 214.522
85.4 77.0001 108.371 214.629
85.5 76.8505 108.415 214.734
85.6 76.7022 108.459 214.839
85.7 76.5551 108.502 214.943
85.8 76.4093 108.545 215.046
85.9 76.2648 108.587 215.148
86 76.1216 108.629 215.25
86.1 75.9797 108.67 215.35
86.2 75.8389 108.712 215.449
86.3 75.6995 108.752 215.548
86.4 75.5613 108.793 215.646
86.5 75.4243 108.833 215.743
86.6 75.2886 108.872 215.839
86.7 75.1541 108.912 215.934
86.8 75.0209 108.95 216.029
86.9 74.8888 108.989 216.122
87 74.758 109.027 216.215
87.1 74.6284 109.065 216.307
87.2 74.5 109.102 216.398
87.3 74.3728 109.139 216.488
87.4 74.2467 109.175 216.578
87.5 74.1219 109.212 216.667
87.6 73.9983 109.247 216.754
87.7 73.8758 109.283 216.841
87.8 73.7545 109.318 216.928
87.9 73.6344 109.353 217.013
88 73.5154 109.387 217.098
88.1 73.3976 109.421 217.181
88.2 73.281 109.455 217.264
88.3 73.1655 109.488 217.347
88.4 73.0512 109.521 217.428
88.5 72.938 109.553 217.509
88.6 72.8259 109.585 217.589
88.7 72.715 109.617 217.668
88.8 72.6052 109.649 217.746
88.9 72.4965 109.68 217.824
89 72.3889 109.711 217.9
89.1 72.2825 109.741 217.977
89.2 72.1771 109.771 218.052
89.3 72.0729 109.801 218.126
89.4 71.9698 109.83 218.2
89.5 71.8677 109.859 218.273
89.6 71.7668 109.888 218.345
89.7 71.6669 109.916 218.417
89.8 71.5682 109.944 218.488
89.9 71.4705 109.972 218.558
90 71.3739 109.999 218.627
90.1 71.2783 110.026 218.696
90.2 71.1839 110.053 218.763
90.3 71.0905 110.079 218.83
90.4 70.9981 110.105 218.897
90.5 70.9068 110.131 218.963
90.6 70.8166 110.156 219.027
90.7 70.7274 110.181 219.092
90.8 70.6393 110.206 219.155
90.9 70.5522 110.23 219.218
91 70.4661 110.254 219.28
91.1 70.3811 110.277 219.341
91.2 70.2971 110.301 219.402
91.3 70.2142 110.324 219.462
91.4 70.1323 110.346 219.521
91.5 70.0514 110.369 219.58
91.6 69.9715 110.391 219.638
91.7 69.8926 110.412 219.695
91.8 69.8147 110.434 219.751
91.9 69.7379 110.455 219.807
92 69.662 110.476 219.862
92.1 69.5872 110.496 219.917
92.2 69.5134 110.516 219.971
92.3 69.4405 110.536 220.024
92.4 69.3687 110.555 220.076
92.5 69.2978 110.574 220.128
92.6 69.2279 110.593 220.179
92.7 69.1591 110.612 220.229
92.8 69.0911 110.63 220.279
92.9 69.0242 110.648 220.328
93 68.9583 110.665 220.376
93.1 68.8933 110.683 220.424
93.2 68.8293 110.7 220.471
93.3 68.7663 110.716 220.518
93.4 68.7042 110.733 220.563
93.5 68.6431 110.749 220.608
93.6 68.5829 110.764 220.653
93.7 68.5238 110.78 220.697
93.8 68.4655 110.795 220.74
93.9 68.4082 110.81 220.782
94 68.3519 110.824 220.824
94.1 68.2965 110.838 220.865
94.2 68.2421 110.852 220.906
94.3 68.1886 110.866 220.946
94.4 68.1361 110.879 220.985
94.5 68.0845 110.892 221.024
94.6 68.0338 110.905 221.062
94.7 67.9841 110.917 221.099
94.8 67.9353 110.929 221.136
94.9 67.8874 110.941 221.172
95 67.8405 110.952 221.207
95.1 67.7945 110.963 221.242
95.2 67.7494 110.974 221.276
95.3 67.7052 110.985 221.31
95.4 67.662 110.995 221.343
95.5 67.6197 111.005 221.375
95.6 67.5783 111.015 221.407
95.7 67.5378 111.024 221.438
95.8 67.4983 111.033 221.469
95.9 67.4596 111.042 221.499
96 67.4219 111.05 221.528
96.1 67.385 111.059 221.556
96.2 67.3491 111.066 221.584
96.3 67.3141 111.074 221.612
96.4 67.28 111.081 221.639
96.5 67.2468 111.088 221.665
96.6 67.2145 111.095 221.69
96.7 67.1831 111.101 221.715
96.8 67.1526 111.108 221.74
96.9 67.123 111.113 221.764
97 67.0943 111.119 221.787
97.1 67.0665 111.124 221.809
97.2 67.0396 111.129 221.831
97.3 67.0136 111.134 221.853
97.4 66.9884 111.138 221.873
97.5 66.9642 111.142 221.894
97.6 66.9409 111.146 221.913
97.7 66.9184 111.15 221.932
97.8 66.8969 111.153 221.95
97.9 66.8762 111.156 221.968
98 66.8564 111.158 221.985
98.1 66.8375 111.161 222.002
98.2 66.8195 111.163 222.018
98.3 66.8024 111.164 222.033
98.4 66.7861 111.166 222.048
98.5 66.7707 111.167 222.062
98.6 66.7563 111.168 222.076
98.7 66.7427 111.169 222.089
98.8 66.7299 111.169 222.101
98.9 66.7181 111.169 222.113
99 66.7071 111.169 222.124
99.1 66.6971 111.168 222.135
99.2 66.6879 111.167 222.145
99.3 66.6795 111.166 222.154
99.4 66.6721 111.165 222.163
99.5 66.6655 111.163 222.172
99.6 66.6598 111.161 222.179
99.7 66.655 111.159 222.186
99.8 66.6511 111.156 222.193
99.9 66.648 111.153 222.199
100 66.6459 111.15 222.204
-----------------------------------------
B
t S I R
0 300 100 0
0.1 255 125 20
0.2 208.188 147.812 44
0.3 164.23 164.408 71.3624
0.4 127.3 172.025 100.676
0.5 99.4888 170.464 130.047
0.6 80.5564 161.806 157.637
0.7 68.8911 148.992 182.117
0.8 62.6056 134.585 202.809
0.9 60.1127 120.301 219.586
1 60.2503 107.083 232.667
1.1 62.2124 95.3375 242.45
1.2 65.4452 85.1597 249.395
1.3 69.5629 76.4798 253.957
1.4 74.2894 69.1552 256.555
1.5 79.4209 63.0205 257.559
1.6 84.8022 57.913 257.285
1.7 90.3121 53.6847 256.003
1.8 95.8535 50.2065 253.94
1.9 101.347 47.3686 251.284
2 106.727 45.0788 248.194
2.1 111.939 43.2608 244.8
2.2 116.937 41.8514 241.212
2.3 121.68 40.7988 237.522
2.4 126.135 40.0597 233.805
2.5 130.275 39.5985 230.127
2.6 134.075 39.385 226.54
2.7 137.516 39.3937 223.09
2.8 140.584 39.6019 219.815
2.9 143.266 39.9897 216.744
3 145.557 40.538 213.905
3.1 147.454 41.2291 211.317
3.2 148.958 42.0448 208.997
3.3 150.076 42.9672 206.956
3.4 150.821 43.9772 205.202
3.5 151.207 45.0554 203.737
3.6 151.257 46.1813 202.562
3.7 150.996 47.334 201.67
3.8 150.455 48.4919 201.053
3.9 149.667 49.6339 200.699
4 148.67 50.739 200.591
4.1 147.503 51.7878 200.709
4.2 146.207 52.7625 201.031
4.3 144.82 53.6478 201.532
4.4 143.384 54.4312 202.185
4.5 141.934 55.1037 202.962
4.6 140.506 55.6593 203.835
4.7 139.129 56.096 204.775
4.8 137.83 56.4148 205.755
4.9 136.63 56.6198 206.75
5 135.545 56.7179 207.737
5.1 134.589 56.718 208.694
5.2 133.767 56.6305 209.602
5.3 133.085 56.4669 210.448
5.4 132.541 56.2394 211.219
5.5 132.134 55.9601 211.906
5.6 131.856 55.6409 212.503
5.7 131.701 55.2928 213.006
5.8 131.659 54.9264 213.414
5.9 131.72 54.5511 213.729
6 131.872 54.175 213.953
6.1 132.105 53.8054 214.09
6.2 132.405 53.4484 214.147
6.3 132.762 53.1089 214.129
6.4 133.165 52.7908 214.044
6.5 133.603 52.497 213.9
6.6 134.066 52.2298 213.705
6.7 134.544 51.9905 213.465
6.8 135.03 51.7795 213.19
6.9 135.516 51.5971 212.887
7 135.996 51.4426 212.562
7.1 136.463 51.3151 212.222
7.2 136.913 51.2133 211.874
7.3 137.341 51.1356 211.523
7.4 137.746 51.0801 211.174
7.5 138.124 51.0447 210.831
7.6 138.474 51.0273 210.499
7.7 138.795 51.0256 210.179
7.8 139.087 51.0372 209.875
7.9 139.351 51.0599 209.589
8 139.587 51.0915 209.322
8.1 139.797 51.1297 209.074
8.2 139.982 51.1724 208.846
8.3 140.144 51.2178 208.638
8.4 140.286 51.264 208.45
8.5 140.411 51.3093 208.28
8.6 140.52 51.3524 208.128
8.7 140.616 51.3919 207.992
8.8 140.702 51.4267 207.871
8.9 140.781 51.4561 207.763
9 140.855 51.4792 207.666
9.1 140.926 51.4957 207.578
9.2 140.996 51.505 207.499
9.3 141.068 51.5071 207.425
9.4 141.143 51.5019 207.355
9.5 141.223 51.4896 207.287
9.6 141.309 51.4702 207.221
9.7 141.402 51.4442 207.154
9.8 141.503 51.412 207.085
9.9 141.613 51.3739 207.013
10 141.732 51.3306 206.937
10.1 141.861 51.2826 206.857
10.2 141.999 51.2303 206.77
10.3 142.148 51.1745 206.678
10.4 142.305 51.1157 206.579
10.5 142.473 51.0543 206.473
10.6 142.649 50.991 206.36
10.7 142.833 50.9263 206.24
10.8 143.026 50.8605 206.114
10.9 143.226 50.7942 205.98
11 143.432 50.7277 205.84
11.1 143.645 50.6612 205.693
11.2 143.864 50.5952 205.541
11.3 144.087 50.5298 205.383
11.4 144.315 50.4653 205.22
11.5 144.546 50.4017 205.052
11.6 144.781 50.3391 204.88
11.7 145.019 50.2777 204.704
11.8 145.259 50.2175 204.524
11.9 145.5 50.1584 204.341
12 145.744 50.1005 204.156
12.1 145.988 50.0436 203.968
12.2 146.234 49.9878 203.778
12.3 146.48 49.9328 203.587
12.4 146.727 49.8786 203.394
12.5 146.975 49.8252 203.2
12.6 147.222 49.7722 203.005
12.7 147.471 49.7198 202.809
12.8 147.719 49.6676 202.613
12.9 147.969 49.6155 202.416
13 148.218 49.5635 202.218
13.1 148.469 49.5115 202.02
13.2 148.72 49.4592 201.821
13.3 148.971 49.4066 201.622
13.4 149.224 49.3537 201.422
13.5 149.478 49.3002 201.222
13.6 149.733 49.2462 201.021
13.7 149.99 49.1915 200.819
13.8 150.248 49.136 200.616
13.9 150.507 49.0799 200.413
14 150.769 49.0229 200.208
14.1 151.033 48.9651 200.002
14.2 151.298 48.9064 199.795
14.3 151.566 48.8469 199.587
14.4 151.837 48.7865 199.377
14.5 152.11 48.7252 199.165
14.6 152.385 48.663 198.952
14.7 152.663 48.6 198.737
14.8 152.944 48.5361 198.52
14.9 153.227 48.4714 198.301
15 153.514 48.4059 198.081
15.1 153.803 48.3396 197.858
15.2 154.095 48.2725 197.633
15.3 154.39 48.2047 197.406
15.4 154.688 48.1362 197.176
15.5 154.988 48.0669 196.945
15.6 155.292 47.9971 196.711
15.7 155.599 47.9266 196.475
15.8 155.908 47.8555 196.236
15.9 156.221 47.7838 195.996
16 156.536 47.7115 195.753
16.1 156.854 47.6387 195.507
16.2 157.175 47.5654 195.26
16.3 157.499 47.4915 195.01
16.4 157.825 47.4172 194.758
16.5 158.155 47.3423 194.503
16.6 158.487 47.2669 194.246
16.7 158.821 47.1911 193.987
16.8 159.159 47.1148 193.726
16.9 159.499 47.038 193.463
17 159.842 46.9607 193.197
17.1 160.187 46.8829 192.93
17.2 160.536 46.8047 192.66
17.3 160.886 46.726 192.388
17.4 161.24 46.6467 192.114
17.5 161.596 46.567 191.837
17.6 161.954 46.4868 191.559
17.7 162.316 46.4061 191.278
17.8 162.68 46.3248 190.995
17.9 163.046 46.243 190.711
18 163.416 46.1607 190.424
18.1 163.787 46.0779 190.135
18.2 164.162 45.9945 189.844
18.3 164.539 45.9105 189.55
18.4 164.919 45.826 189.255
18.5 165.302 45.7408 188.957
18.6 165.687 45.6551 188.658
18.7 166.075 45.5689 188.356
18.8 166.466 45.482 188.052
18.9 166.86 45.3945 187.746
19 167.256 45.3064 187.437
19.1 167.656 45.2177 187.127
19.2 168.058 45.1284 186.814
19.3 168.463 45.0384 186.499
19.4 168.871 44.9478 186.182
19.5 169.281 44.8566 185.862
19.6 169.695 44.7648 185.54
19.7 170.112 44.6723 185.216
19.8 170.531 44.5792 184.89
19.9 170.953 44.4854 184.561
20 171.379 44.391 184.23
20.1 171.807 44.2959 183.897
20.2 172.239 44.2002 183.561
20.3 172.673 44.1038 183.223
20.4 173.11 44.0068 182.883
20.5 173.551 43.9091 182.54
20.6 173.994 43.8108 182.195
20.7 174.441 43.7118 181.847
20.8 174.891 43.6121 181.497
20.9 175.343 43.5118 181.145
21 175.799 43.4109 180.79
21.1 176.258 43.3092 180.433
21.2 176.72 43.2069 180.073
21.3 177.185 43.104 179.711
21.4 177.654 43.0004 179.346
21.5 178.125 42.8961 178.979
21.6 178.6 42.7912 178.609
21.7 179.078 42.6856 178.237
21.8 179.559 42.5793 177.862
21.9 180.043 42.4724 177.485
22 180.53 42.3648 177.105
22.1 181.021 42.2565 176.723
22.2 181.515 42.1475 176.338
22.3 182.012 42.0379 175.95
22.4 182.512 41.9276 175.561
22.5 183.015 41.8167 175.168
22.6 183.522 41.705 174.773
22.7 184.032 41.5927 174.375
22.8 184.545 41.4797 173.975
22.9 185.062 41.366 173.572
23 185.581 41.2517 173.167
23.1 186.104 41.1366 172.759
23.2 186.631 41.0209 172.348
23.3 187.16 40.9045 171.935
23.4 187.693 40.7874 171.519
23.5 188.23 40.6696 171.101
23.6 188.769 40.5511 170.68
23.7 189.312 40.4319 170.256
23.8 189.858 40.3121 169.829
23.9 190.408 40.1915 169.4
24 190.961 40.0703 168.969
24.1 191.517 39.9483 168.534
24.2 192.077 39.8256 168.097
24.3 192.64 39.7023 167.657
24.4 193.207 39.5782 167.215
24.5 193.777 39.4535 166.77
24.6 194.35 39.328 166.322
24.7 194.927 39.2018 165.872
24.8 195.507 39.0749 165.418
24.9 196.09 38.9474 164.962
25 196.677 38.8191 164.504
25.1 197.267 38.6901 164.042
25.2 197.861 38.5604 163.578
25.3 198.459 38.43 163.112
25.4 199.059 38.2989 162.642
25.5 199.663 38.167 162.17
25.6 200.271 38.0345 161.695
25.7 200.882 37.9013 161.217
25.8 201.497 37.7673 160.736
25.9 202.115 37.6327 160.253
26 202.736 37.4973 159.767
26.1 203.361 37.3612 159.278
26.2 203.989 37.2244 158.786
26.3 204.621 37.0869 158.292
26.4 205.257 36.9487 157.795
26.5 205.896 36.8098 157.295
26.6 206.538 36.6702 156.792
26.7 207.184 36.5299 156.286
26.8 207.833 36.3889 155.778
26.9 208.486 36.2472 155.267
27 209.142 36.1048 154.753
27.1 209.802 35.9617 154.236
27.2 210.465 35.8178 153.717
27.3 211.132 35.6733 153.194
27.4 211.802 35.5281 152.669
27.5 212.476 35.3822 152.142
27.6 213.153 35.2356 151.611
27.7 213.834 35.0884 151.078
27.8 214.518 34.9404 150.541
27.9 215.206 34.7917 150.002
28 215.897 34.6424 149.461
28.1 216.592 34.4924 148.916
28.2 217.29 34.3417 148.369
28.3 217.991 34.1903 147.819
28.4 218.696 34.0383 147.266
28.5 219.404 33.8855 146.71
28.6 220.116 33.7322 146.152
28.7 220.831 33.5781 145.591
28.8 221.55 33.4234 145.027
28.9 222.272 33.2681 144.46
29 222.997 33.112 143.891
29.1 223.726 32.9554 143.318
29.2 224.458 32.7981 142.744
29.3 225.194 32.6401 142.166
29.4 225.933 32.4816 141.586
29.5 226.675 32.3223 141.003
29.6 227.42 32.1625 140.417
29.7 228.169 32.002 139.829
29.8 228.921 31.8409 139.238
29.9 229.677 31.6792 138.644
30 230.435 31.5169 138.048
30.1 231.197 31.354 137.449
30.2 231.962 31.1905 136.847
30.3 232.731 31.0264 136.243
30.4 233.502 30.8618 135.636
30.5 234.277 30.6965 135.027
30.6 235.055 30.5307 134.414
30.7 235.836 30.3643 133.8
30.8 236.62 30.1973 133.183
30.9 237.407 30.0298 132.563
31 238.197 29.8618 131.941
31.1 238.991 29.6932 131.316
31.2 239.787 29.524 130.689
31.3 240.586 29.3544 130.059
31.4 241.388 29.1842 129.427
31.5 242.194 29.0136 128.793
31.6 243.002 28.8424 128.156
31.7 243.813 28.6707 127.517
31.8 244.627 28.4986 126.875
31.9 245.443 28.326 126.231
32 246.263 28.1529 125.584
32.1 247.085 27.9793 124.936
32.2 247.91 27.8054 124.285
32.3 248.737 27.6309 123.632
32.4 249.568 27.4561 122.976
32.5 250.4 27.2808 122.319
32.6 251.236 27.1052 121.659
32.7 252.074 26.9291 120.997
32.8 252.914 26.7526 120.333
32.9 253.757 26.5758 119.667
33 254.603 26.3986 118.999
33.1 255.45 26.2211 118.328
33.2 256.3 26.0432 117.656
33.3 257.153 25.865 116.982
33.4 258.007 25.6865 116.306
33.5 258.864 25.5077 115.628
33.6 259.723 25.3286 114.948
33.7 260.584 25.1492 114.266
33.8 261.448 24.9695 113.583
33.9 262.313 24.7896 112.898
34 263.18 24.6094 112.211
34.1 264.049 24.4291 111.522
34.2 264.92 24.2485 110.832
34.3 265.792 24.0677 110.14
34.4 266.667 23.8867 109.446
34.5 267.543 23.7056 108.751
34.6 268.421 23.5243 108.055
34.7 269.3 23.3428 107.357
34.8 270.181 23.1613 106.658
34.9 271.063 22.9796 105.957
35 271.947 22.7979 105.255
35.1 272.832 22.616 104.552
35.2 273.718 22.4341 103.848
35.3 274.606 22.2522 103.142
35.4 275.494 22.0702 102.435
35.5 276.384 21.8882 101.728
35.6 277.275 21.7062 101.019
35.7 278.167 21.5242 100.309
35.8 279.059 21.3423 99.5986
35.9 279.952 21.1604 98.8871
36 280.847 20.9786 98.1749
36.1 281.741 20.7968 97.4618
36.2 282.637 20.6152 96.7481
36.3 283.533 20.4337 96.0337
36.4 284.429 20.2523 95.3188
36.5 285.326 20.0711 94.6033
36.6 286.222 19.8901 93.8874
36.7 287.12 19.7093 93.171
36.8 288.017 19.5287 92.4543
36.9 288.914 19.3483 91.7374
37 289.812 19.1682 91.0202
37.1 290.709 18.9883 90.3028
37.2 291.606 18.8087 89.5853
37.3 292.503 18.6295 88.8678
37.4 293.399 18.4506 88.1503
37.5 294.295 18.272 87.4329
37.6 295.191 18.0937 86.7156
37.7 296.085 17.9159 85.9986
37.8 296.98 17.7385 85.2819
37.9 297.873 17.5615 84.5655
38 298.766 17.3849 83.8495
38.1 299.657 17.2088 83.134
38.2 300.548 17.0332 82.419
38.3 301.437 16.858 81.7047
38.4 302.325 16.6834 80.9911
38.5 303.212 16.5094 80.2782
38.6 304.098 16.3359 79.5662
38.7 304.982 16.163 78.8551
38.8 305.864 15.9906 78.1449
38.9 306.745 15.8189 77.4358
39 307.624 15.6479 76.7278
39.1 308.502 15.4775 76.021
39.2 309.377 15.3077 75.3154
39.3 310.25 15.1387 74.6112
39.4 311.121 14.9704 73.9084
39.5 311.99 14.8028 73.207
39.6 312.857 14.636 72.5073
39.7 313.721 14.4699 71.8091
39.8 314.583 14.3047 71.1126
39.9 315.442 14.1402 70.4179
40 316.298 13.9766 69.7251
40.1 317.152 13.8138 69.0341
40.2 318.003 13.6519 68.3452
40.3 318.851 13.4908 67.6583
40.4 319.696 13.3307 66.9735
40.5 320.538 13.1715 66.291
40.6 321.376 13.0132 65.6107
40.7 322.211 12.8558 64.9328
40.8 323.043 12.6995 64.2574
40.9 323.872 12.5441 63.5844
41 324.696 12.3897 62.914
41.1 325.517 12.2363 62.2462
41.2 326.335 12.084 61.5812
41.3 327.148 11.9327 60.9189
41.4 327.958 11.7825 60.2595
41.5 328.764 11.6333 59.603
41.6 329.565 11.4853 58.9495
41.7 330.363 11.3383 58.2991
41.8 331.156 11.1925 57.6518
41.9 331.944 11.0478 57.0077
42 332.729 10.9043 56.3669
42.1 333.509 10.7619 55.7294
42.2 334.284 10.6207 55.0953
42.3 335.055 10.4807 54.4647
42.4 335.821 10.3418 53.8376
42.5 336.582 10.2042 53.2141
42.6 337.338 10.0678 52.5942
42.7 338.089 9.93265 51.9781
42.8 338.836 9.79873 51.3657
42.9 339.577 9.66606 50.7572
43 340.313 9.53465 50.1525
43.1 341.044 9.40451 49.5518
43.2 341.769 9.27564 48.9551
43.3 342.489 9.14807 48.3625
43.4 343.204 9.02179 47.774
43.5 343.914 8.89681 47.1896
43.6 344.617 8.77314 46.6095
43.7 345.316 8.65078 46.0337
43.8 346.008 8.52975 45.4621
43.9 346.695 8.41004 44.895
44 347.376 8.29167 44.3322
44.1 348.051 8.17463 43.774
44.2 348.721 8.05894 43.2202
44.3 349.384 7.94459 42.671
44.4 350.042 7.83159 42.1263
44.5 350.694 7.71994 41.5863
44.6 351.339 7.60965 41.051
44.7 351.979 7.50071 40.5204
44.8 352.612 7.39313 39.9945
44.9 353.24 7.28692 39.4734
45 353.861 7.18206 38.9571
45.1 354.476 7.07857 38.4457
45.2 355.084 6.97644 37.9391
45.3 355.687 6.87567 37.4374
45.4 356.283 6.77626 36.9407
45.5 356.873 6.67821 36.4489
45.6 357.456 6.58152 35.9621
45.7 358.034 6.48618 35.4803
45.8 358.604 6.3922 35.0035
45.9 359.169 6.29958 34.5318
46 359.727 6.2083 34.0651
46.1 360.278 6.11836 33.6035
46.2 360.823 6.02977 33.147
46.3 361.362 5.94252 32.6956
46.4 361.894 5.8566 32.2493
46.5 362.42 5.77201 31.8082
46.6 362.939 5.68874 31.3722
46.7 363.452 5.60679 30.9413
46.8 363.958 5.52616 30.5156
46.9 364.458 5.44683 30.0951
47 364.952 5.3688 29.6797
47.1 365.438 5.29207 29.2695
47.2 365.919 5.21663 28.8644
47.3 366.393 5.14247 28.4645
47.4 366.861 5.06958 28.0698
47.5 367.322 4.99796 27.6802
47.6 367.777 4.9276 27.2958
47.7 368.225 4.85849 26.9165
47.8 368.667 4.79063 26.5424
47.9 369.103 4.724 26.1734
48 369.532 4.65859 25.8095
48.1 369.955 4.59441 25.4508
48.2 370.371 4.53144 25.0971
48.3 370.782 4.46967 24.7485
48.4 371.186 4.4091 24.4051
48.5 371.584 4.34971 24.0666
48.6 371.975 4.29149 23.7332
48.7 372.361 4.23444 23.4049
48.8 372.74 4.17855 23.0815
48.9 373.113 4.12381 22.7631
49 373.48 4.07021 22.4498
49.1 373.841 4.01774 22.1413
49.2 374.196 3.96639 21.8378
49.3 374.545 3.91615 21.5392
49.4 374.888 3.86702 21.2454
49.5 375.224 3.81898 20.9566
49.6 375.555 3.77202 20.6725
49.7 375.881 3.72614 20.3933
49.8 376.2 3.68133 20.1189
49.9 376.513 3.63758 19.8492
50 376.821 3.59487 19.5843
50.1 377.123 3.55321 19.324
50.2 377.419 3.51258 19.0685
50.3 377.709 3.47297 18.8176
50.4 377.994 3.43438 18.5713
50.5 378.274 3.3968 18.3296
50.6 378.547 3.36022 18.0925
50.7 378.815 3.32463 17.8599
50.8 379.078 3.29002 17.6318
50.9 379.335 3.25639 17.4082
51 379.587 3.22373 17.1891
51.1 379.834 3.19204 16.9744
51.2 380.075 3.1613 16.7641
51.3 380.31 3.13151 16.5581
51.4 380.541 3.10267 16.3565
51.5 380.766 3.07476 16.1592
51.6 380.986 3.04779 15.9662
51.7 381.201 3.02175 15.7775
51.8 381.41 2.99662 15.593
51.9 381.615 2.97242 15.4126
52 381.814 2.94914 15.2365
52.1 382.009 2.92676 15.0645
52.2 382.198 2.90529 14.8966
52.3 382.382 2.88473 14.7328
52.4 382.562 2.86506 14.5731
52.5 382.736 2.8463 14.4175
52.6 382.906 2.82844 14.2659
52.7 383.07 2.81147 14.1183
52.8 383.23 2.79541 13.9747
52.9 383.385 2.78023 13.835
53 383.535 2.76596 13.6993
53.1 383.68 2.75258 13.5675
53.2 383.82 2.74011 13.4397
53.3 383.956 2.72853 13.3157
53.4 384.087 2.71787 13.1956
53.5 384.212 2.7081 13.0794
53.6 384.334 2.69926 12.9671
53.7 384.45 2.69133 12.8586
53.8 384.562 2.68432 12.7539
53.9 384.669 2.67824 12.6531
54 384.771 2.6731 12.5561
54.1 384.868 2.6689 12.4629
54.2 384.961 2.66565 12.3735
54.3 385.049 2.66337 12.288
54.4 385.132 2.66206 12.2063
54.5 385.21 2.66174 12.1284
54.6 385.283 2.66241 12.0543
54.7 385.352 2.66409 11.984
54.8 385.416 2.6668 11.9177
54.9 385.474 2.67055 11.8551
55 385.528 2.67536 11.7965
55.1 385.577 2.68124 11.7417
55.2 385.621 2.68822 11.6909
55.3 385.66 2.69631 11.644
55.4 385.693 2.70554 11.6011
55.5 385.722 2.71593 11.5621
55.6 385.745 2.72751 11.5272
55.7 385.763 2.7403 11.4963
55.8 385.776 2.75433 11.4696
55.9 385.783 2.76963 11.447
56 385.785 2.78623 11.4285
56.1 385.781 2.80417 11.4144
56.2 385.772 2.82348 11.4045
56.3 385.757 2.8442 11.399
56.4 385.736 2.86636 11.3978
56.5 385.709 2.89002 11.4012
56.6 385.676 2.91521 11.4092
56.7 385.636 2.94197 11.4217
56.8 385.591 2.97037 11.4391
56.9 385.538 3.00045 11.4612
57 385.48 3.03227 11.4882
57.1 385.414 3.06587 11.5203
57.2 385.341 3.10134 11.5574
57.3 385.261 3.13871 11.5998
57.4 385.174 3.17808 11.6476
57.5 385.08 3.21949 11.7008
57.6 384.977 3.26304 11.7597
57.7 384.867 3.30879 11.8243
57.8 384.748 3.35683 11.8948
57.9 384.621 3.40724 11.9715
58 384.486 3.46012 12.0543
58.1 384.341 3.51556 12.1436
58.2 384.187 3.57366 12.2396
58.3 384.023 3.63452 12.3423
58.4 383.85 3.69825 12.4521
58.5 383.666 3.76497 12.5692
58.6 383.472 3.8348 12.6937
58.7 383.266 3.90786 12.826
58.8 383.049 3.9843 12.9662
58.9 382.821 4.06423 13.1148
59 382.58 4.14782 13.2719
59.1 382.327 4.23521 13.4379
59.2 382.06 4.32656 13.613
59.3 381.78 4.42203 13.7977
59.4 381.486 4.52181 13.9922
59.5 381.177 4.62606 14.1969
59.6 380.853 4.73498 14.4123
59.7 380.513 4.84876 14.6387
59.8 380.156 4.96762 14.8765
59.9 379.782 5.09175 15.1262
60 379.39 5.22137 15.3882
60.1 378.98 5.35673 15.6631
60.2 378.551 5.49806 15.9513
60.3 378.101 5.64559 16.2533
60.4 377.631 5.79959 16.5698
60.5 377.138 5.96031 16.9012
60.6 376.624 6.12803 17.2482
60.7 376.086 6.30303 17.6114
60.8 375.523 6.48558 17.9915
60.9 374.935 6.67598 18.389
61 374.321 6.87453 18.8047
61.1 373.679 7.08153 19.2394
61.2 373.009 7.29729 19.6937
61.3 372.309 7.52212 20.1685
61.4 371.579 7.75633 20.6645
61.5 370.817 8.00025 21.1826
61.6 370.022 8.25418 21.7235
61.7 369.193 8.51843 22.2881
61.8 368.329 8.79332 22.8774
61.9 367.429 9.07916 23.4922
62 366.49 9.37622 24.1334
62.1 365.513 9.68479 24.802
62.2 364.496 10.0051 25.4989
62.3 363.438 10.3375 26.2249
62.4 362.337 10.6822 26.9812
62.5 361.192 11.0393 27.7686
62.6 360.003 11.409 28.588
62.7 358.768 11.7915 29.4404
62.8 357.487 12.1868 30.3267
62.9 356.157 12.5951 31.2477
63 354.779 13.0163 32.2043
63.1 353.352 13.4503 33.1974
63.2 351.875 13.8972 34.2276
63.3 350.348 14.3566 35.2956
63.4 348.769 14.8284 36.4022
63.5 347.14 15.3122 37.5477
63.6 345.46 15.8076 38.7328
63.7 343.728 16.3142 39.9577
63.8 341.946 16.8314 41.2226
63.9 340.114 17.3585 42.5278
64 338.232 17.8948 43.8731
64.1 336.302 18.4394 45.2584
64.2 334.325 18.9914 46.6833
64.3 332.303 19.5497 48.1474
64.4 330.237 20.1132 49.65
64.5 328.129 20.6807 51.1901
64.6 325.982 21.251 52.7668
64.7 323.799 21.8225 54.3786
64.8 321.582 22.3939 56.0242
64.9 319.334 22.9637 57.7018
65 317.06 23.5304 59.4094
65.1 314.763 24.0922 61.145
65.2 312.446 24.6477 62.9062
65.3 310.114 25.1953 64.6905
65.4 307.772 25.7334 66.495
65.5 305.423 26.2603 68.3169
65.6 303.072 26.7746 70.1531
65.7 300.725 27.2749 72.0004
65.8 298.385 27.7598 73.8554
65.9 296.057 28.228 75.7146
66 293.747 28.6784 77.5745
66.1 291.459 29.11 79.4314
66.2 289.196 29.5218 81.2819
66.3 286.965 29.9132 83.1221
66.4 284.768 30.2835 84.9487
66.5 282.61 30.6324 86.7579
66.6 280.494 30.9596 88.5465
66.7 278.424 31.2649 90.3111
66.8 276.403 31.5485 92.0485
66.9 274.434 31.8106 93.7558
67 272.518 32.0515 95.4301
67.1 270.659 32.2719 97.0689
67.2 268.858 32.4723 98.6698
67.3 267.116 32.6535 100.231
67.4 265.434 32.8165 101.75
67.5 263.812 32.9622 103.226
67.6 262.251 33.0917 104.657
67.7 260.752 33.2061 106.042
67.8 259.312 33.3066 107.382
67.9 257.932 33.3944 108.674
68 256.61 33.4708 109.919
68.1 255.346 33.5371 111.117
68.2 254.137 33.5945 112.269
68.3 252.981 33.6444 113.374
68.4 251.878 33.6878 114.434
68.5 250.824 33.7261 115.45
68.6 249.817 33.7604 116.423
68.7 248.854 33.7918 117.354
68.8 247.934 33.8214 118.244
68.9 247.053 33.8503 119.097
69 246.209 33.8794 119.912
69.1 245.398 33.9096 120.692
69.2 244.619 33.9417 121.439
69.3 243.868 33.9766 122.156
69.4 243.142 34.0148 122.843
69.5 242.439 34.0571 123.504
69.6 241.756 34.104 124.14
69.7 241.09 34.156 124.754
69.8 240.439 34.2136 125.348
69.9 239.8 34.277 125.923
70 239.171 34.3467 126.482
70.1 238.55 34.4229 127.027
70.2 237.934 34.5057 127.561
70.3 237.321 34.5952 128.084
70.4 236.71 34.6916 128.599
70.5 236.098 34.7949 129.107
70.6 235.484 34.905 129.611
70.7 234.867 35.0218 130.111
70.8 234.245 35.1452 130.61
70.9 233.617 35.275 131.108
71 232.981 35.4111 131.608
71.1 232.337 35.5531 132.11
71.2 231.684 35.7008 132.615
71.3 231.022 35.8539 133.124
71.4 230.349 36.012 133.639
71.5 229.666 36.1747 134.159
71.6 228.972 36.3417 134.686
71.7 228.267 36.5125 135.22
71.8 227.551 36.6867 135.762
71.9 226.825 36.8639 136.311
72 226.088 37.0436 136.868
72.1 225.341 37.2253 137.434
72.2 224.584 37.4086 138.007
72.3 223.819 37.5931 138.588
72.4 223.044 37.7782 139.178
72.5 222.262 37.9636 139.774
72.6 221.473 38.1487 140.378
72.7 220.678 38.3333 140.989
72.8 219.877 38.5168 141.606
72.9 219.072 38.6989 142.229
73 218.263 38.8793 142.858
73.1 217.452 39.0575 143.491
73.2 216.639 39.2334 144.128
73.3 215.825 39.4066 144.768
73.4 215.012 39.5769 145.411
73.5 214.2 39.744 146.056
73.6 213.39 39.9078 146.702
73.7 212.584 40.0681 147.348
73.8 211.781 40.2248 147.994
73.9 210.983 40.3779 148.64
74 210.19 40.5271 149.283
74.1 209.403 40.6727 149.924
74.2 208.623 40.8144 150.563
74.3 207.85 40.9524 151.198
74.4 207.085 41.0868 151.828
74.5 206.328 41.2175 152.454
74.6 205.58 41.3448 153.075
74.7 204.841 41.4687 153.69
74.8 204.111 41.5894 154.299
74.9 203.391 41.7071 154.902
75 202.68 41.8218 155.499
75.1 201.978 41.9339 156.088
75.2 201.286 42.0435 156.67
75.3 200.604 42.1507 157.246
75.4 199.931 42.2558 157.813
75.5 199.267 42.3591 158.374
75.6 198.612 42.4606 158.927
75.7 197.967 42.5606 159.473
75.8 197.329 42.6593 160.011
75.9 196.701 42.7568 160.543
76 196.08 42.8534 161.067
76.1 195.467 42.9492 161.584
76.2 194.861 43.0444 162.095
76.3 194.262 43.1391 162.599
76.4 193.67 43.2334 163.097
76.5 193.084 43.3276 163.589
76.6 192.504 43.4215 164.075
76.7 191.929 43.5155 164.555
76.8 191.36 43.6095 165.031
76.9 190.795 43.7036 165.501
77 190.235 43.7979 165.967
77.1 189.68 43.8923 166.428
77.2 189.128 43.987 166.885
77.3 188.58 44.0819 167.338
77.4 188.035 44.1771 167.788
77.5 187.494 44.2725 168.234
77.6 186.955 44.3681 168.676
77.7 186.42 44.4638 169.116
77.8 185.887 44.5597 169.553
77.9 185.357 44.6557 169.988
78 184.829 44.7518 170.419
78.1 184.304 44.8478 170.849
78.2 183.78 44.9437 171.276
78.3 183.26 45.0396 171.701
78.4 182.741 45.1352 172.124
78.5 182.225 45.2305 172.544
78.6 181.711 45.3255 172.963
78.7 181.2 45.4201 173.38
78.8 180.69 45.5143 173.795
78.9 180.184 45.6079 174.208
79 179.68 45.7009 174.62
79.1 179.178 45.7933 175.029
79.2 178.679 45.885 175.436
79.3 178.183 45.976 175.841
79.4 177.689 46.0662 176.244
79.5 177.199 46.1555 176.645
79.6 176.712 46.244 177.044
79.7 176.228 46.3317 177.441
79.8 175.747 46.4184 177.835
79.9 175.269 46.5042 178.227
80 174.794 46.5891 178.617
80.1 174.323 46.673 179.004
80.2 173.856 46.756 179.388
80.3 173.392 46.8381 179.77
80.4 172.932 46.9192 180.149
80.5 172.475 46.9994 180.525
80.6 172.022 47.0787 180.899
80.7 171.573 47.1571 181.27
80.8 171.128 47.2347 181.638
80.9 170.686 47.3114 182.003
81 170.248 47.3872 182.365
81.1 169.814 47.4623 182.724
81.2 169.383 47.5366 183.08
81.3 168.956 47.6101 183.434
81.4 168.533 47.683 183.784
81.5 168.114 47.7551 184.131
81.6 167.698 47.8266 184.476
81.7 167.285 47.8974 184.817
81.8 166.876 47.9676 185.156
81.9 166.471 48.0372 185.492
82 166.069 48.1063 185.825
82.1 165.671 48.1747 186.155
82.2 165.276 48.2427 186.482
82.3 164.884 48.3101 186.806
82.4 164.495 48.3771 187.128
82.5 164.11 48.4435 187.447
82.6 163.727 48.5095 187.763
82.7 163.348 48.575 188.077
82.8 162.972 48.64 188.388
82.9 162.599 48.7046 188.697
83 162.228 48.7687 189.003
83.1 161.861 48.8324 189.306
83.2 161.497 48.8956 189.608
83.3 161.135 48.9584 189.906
83.4 160.777 49.0207 190.203
83.5 160.421 49.0825 190.497
83.6 160.068 49.144 190.788
83.7 159.717 49.2049 191.078
83.8 159.37 49.2654 191.365
83.9 159.025 49.3254 191.65
84 158.683 49.385 191.932
84.1 158.343 49.444 192.213
84.2 158.007 49.5026 192.491
84.3 157.673 49.5607 192.767
84.4 157.341 49.6183 193.041
84.5 157.012 49.6754 193.312
84.6 156.686 49.732 193.582
84.7 156.363 49.7881 193.849
84.8 156.042 49.8437 194.114
84.9 155.724 49.8988 194.377
85 155.409 49.9533 194.638
85.1 155.096 50.0074 194.897
85.2 154.786 50.0609 195.153
85.3 154.478 50.1139 195.408
85.4 154.173 50.1664 195.66
85.5 153.871 50.2184 195.911
85.6 153.571 50.2699 196.159
85.7 153.274 50.3209 196.405
85.8 152.98 50.3714 196.649
85.9 152.688 50.4213 196.891
86 152.399 50.4708 197.13
86.1 152.112 50.5198 197.368
86.2 151.828 50.5682 197.604
86.3 151.547 50.6162 197.837
86.4 151.268 50.6637 198.068
86.5 150.992 50.7107 198.298
86.6 150.718 50.7573 198.525
86.7 150.446 50.8033 198.75
86.8 150.178 50.8489 198.973
86.9 149.911 50.8941 199.194
87 149.648 50.9388 199.414
87.1 149.386 50.983 199.631
87.2 149.128 51.0267 199.846
87.3 148.871 51.0701 200.059
87.4 148.617 51.1129 200.27
87.5 148.366 51.1554 200.479
87.6 148.117 51.1974 200.686
87.7 147.87 51.2389 200.891
87.8 147.625 51.28 201.094
87.9 147.384 51.3207 201.296
88 147.144 51.361 201.495
88.1 146.907 51.4008 201.693
88.2 146.672 51.4402 201.888
88.3 146.439 51.4792 202.082
88.4 146.209 51.5178 202.273
88.5 145.981 51.5559 202.463
88.6 145.755 51.5936 202.651
88.7 145.532 51.6309 202.838
88.8 145.31 51.6678 203.022
88.9 145.091 51.7043 203.204
89 144.875 51.7403 203.385
89.1 144.66 51.776 203.564
89.2 144.448 51.8112 203.741
89.3 144.238 51.846 203.916
89.4 144.03 51.8804 204.089
89.5 143.825 51.9143 204.261
89.6 143.621 51.9479 204.431
89.7 143.42 51.9811 204.599
89.8 143.221 52.0138 204.765
89.9 143.024 52.0462 204.93
90 142.83 52.0781 205.092
90.1 142.637 52.1096 205.253
90.2 142.447 52.1407 205.413
90.3 142.258 52.1714 205.57
90.4 142.072 52.2017 205.726
90.5 141.888 52.2317 205.88
90.6 141.707 52.2612 206.032
90.7 141.527 52.2903 206.183
90.8 141.349 52.319 206.332
90.9 141.174 52.3473 206.479
91 141 52.3752 206.625
91.1 140.829 52.4027 206.768
91.2 140.66 52.4299 206.91
91.3 140.492 52.4566 207.051
91.4 140.327 52.4829 207.19
91.5 140.164 52.5089 207.327
91.6 140.003 52.5345 207.462
91.7 139.844 52.5597 207.596
91.8 139.687 52.5844 207.728
91.9 139.532 52.6089 207.859
92 139.38 52.6329 207.987
92.1 139.229 52.6565 208.115
92.2 139.08 52.6798 208.24
92.3 138.933 52.7027 208.364
92.4 138.788 52.7252 208.487
92.5 138.645 52.7473 208.607
92.6 138.505 52.7691 208.726
92.7 138.366 52.7905 208.844
92.8 138.229 52.8115 208.96
92.9 138.094 52.8321 209.074
93 137.961 52.8524 209.187
93.1 137.83 52.8722 209.298
93.2 137.701 52.8918 209.407
93.3 137.574 52.9109 209.515
93.4 137.448 52.9297 209.622
93.5 137.325 52.9481 209.727
93.6 137.204 52.9661 209.83
93.7 137.085 52.9838 209.932
93.8 136.967 53.0011 210.032
93.9 136.851 53.018 210.13
94 136.738 53.0346 210.228
94.1 136.626 53.0508 210.323
94.2 136.516 53.0667 210.417
94.3 136.408 53.0821 210.51
94.4 136.302 53.0973 210.601
94.5 136.198 53.112 210.69
94.6 136.096 53.1264 210.778
94.7 135.995 53.1405 210.864
94.8 135.897 53.1541 210.949
94.9 135.8 53.1674 211.033
95 135.705 53.1804 211.114
95.1 135.612 53.193 211.195
95.2 135.521 53.2052 211.274
95.3 135.432 53.2171 211.351
95.4 135.345 53.2286 211.427
95.5 135.259 53.2398 211.501
95.6 135.175 53.2506 211.574
95.7 135.093 53.2611 211.646
95.8 135.013 53.2712 211.715
95.9 134.935 53.2809 211.784
96 134.859 53.2903 211.851
96.1 134.784 53.2994 211.916
96.2 134.711 53.3081 211.981
96.3 134.64 53.3164 212.043
96.4 134.571 53.3244 212.104
96.5 134.504 53.332 212.164
96.6 134.439 53.3393 212.222
96.7 134.375 53.3462 212.279
96.8 134.313 53.3528 212.334
96.9 134.253 53.359 212.388
97 134.195 53.3649 212.44
97.1 134.138 53.3704 212.491
97.2 134.084 53.3756 212.541
97.3 134.031 53.3804 212.589
97.4 133.979 53.3849 212.636
97.5 133.93 53.389 212.681
97.6 133.883 53.3928 212.725
97.7 133.837 53.3962 212.767
97.8 133.793 53.3993 212.808
97.9 133.751 53.4021 212.847
98 133.71 53.4044 212.885
98.1 133.672 53.4065 212.922
98.2 133.635 53.4082 212.957
98.3 133.6 53.4095 212.991
98.4 133.566 53.4105 213.023
98.5 133.535 53.4112 213.054
98.6 133.505 53.4115 213.084
98.7 133.477 53.4114 213.112
98.8 133.45 53.411 213.139
98.9 133.426 53.4103 213.164
99 133.403 53.4092 213.188
99.1 133.382 53.4077 213.21
99.2 133.363 53.406 213.231
99.3 133.345 53.4038 213.251
99.4 133.33 53.4013 213.269
99.5 133.316 53.3985 213.286
99.6 133.303 53.3953 213.301
99.7 133.293 53.3918 213.315
99.8 133.284 53.388 213.328
99.9 133.277 53.3837 213.339
100 133.272 53.3792 213.349
-----------------------------------------
C
t S I R
0 300 100 0
0.1 255 115 30
0.2 212.513 124.487 63
0.3 175.981 126.823 97.1962
0.4 147.365 122.252 130.383
0.5 126.864 112.597 160.539
0.6 113.468 100.241 186.291
0.7 105.725 87.2257 207.049
0.8 102.249 74.8864 222.864
0.9 101.912 63.9013 234.187
1 103.858 54.4941 241.648
1.1 107.456 46.6298 245.914
1.2 112.242 40.1508 247.607
1.3 117.869 34.8591 247.272
1.4 124.076 30.5577 245.366
1.5 130.664 27.0703 242.265
1.6 137.48 24.247 238.273
1.7 144.402 21.9647 233.634
1.8 151.335 20.1239 228.541
1.9 158.203 18.6452 223.151
2 164.947 17.4657 217.587
2.1 171.516 16.536 211.948
2.2 177.872 15.8172 206.311
2.3 183.981 15.2788 200.741
2.4 189.816 14.897 195.287
2.5 195.355 14.6534 189.992
2.6 200.578 14.5336 184.888
2.7 205.469 14.5268 180.004
2.8 210.013 14.6246 175.362
2.9 214.198 14.8205 170.981
3 218.012 15.1099 166.878
3.1 221.444 15.4889 163.067
3.2 224.485 15.9547 159.561
3.3 227.126 16.5046 156.369
3.4 229.362 17.136 153.502
3.5 231.186 17.8461 150.968
3.6 232.596 18.6312 148.773
3.7 233.589 19.487 146.924
3.8 234.169 20.4076 145.424
3.9 234.339 21.3858 144.275
4 234.111 22.4125 143.477
4.1 233.496 23.4768 143.027
4.2 232.516 24.5659 142.918
4.3 231.192 25.6652 143.142
4.4 229.557 26.7584 143.685
4.5 227.644 27.8282 144.528
4.6 225.494 28.8563 145.65
4.7 223.151 29.8248 147.024
4.8 220.663 30.7165 148.621
4.9 218.08 31.5156 150.405
5 215.452 32.2087 152.339
5.1 212.83 32.7854 154.385
5.2 210.26 33.2387 156.501
5.3 207.787 33.5654 158.648
5.4 205.449 33.7659 160.785
5.5 203.28 33.8442 162.875
5.6 201.308 33.8073 164.885
5.7 199.552 33.6652 166.783
5.8 198.027 33.4294 168.543
5.9 196.742 33.1131 170.145
6 195.698 32.73 171.572
6.1 194.894 32.2939 172.812
6.2 194.322 31.8183 173.86
6.3 193.972 31.3157 174.712
6.4 193.831 30.7977 175.371
6.5 193.883 30.2746 175.842
6.6 194.112 29.7554 176.132
6.7 194.5 29.2479 176.252
6.8 195.028 28.7582 176.214
6.9 195.678 28.2917 176.031
7 196.431 27.8521 175.717
7.1 197.271 27.4427 175.287
7.2 198.18 27.0654 174.755
7.3 199.141 26.7217 174.137
7.4 200.141 26.4123 173.447
7.5 201.165 26.1373 172.698
7.6 202.199 25.8964 171.904
7.7 203.233 25.689 171.078
7.8 204.255 25.514 170.231
7.9 205.256 25.3701 169.373
8 206.228 25.2559 168.516
8.1 207.163 25.1698 167.667
8.2 208.056 25.1098 166.834
8.3 208.9 25.0741 166.026
8.4 209.693 25.0607 165.247
8.5 210.43 25.0675 164.502
8.6 211.11 25.0924 163.798
8.7 211.731 25.1332 163.135
8.8 212.294 25.1878 162.519
8.9 212.797 25.2539 161.949
9 213.243 25.3293 161.428
9.1 213.633 25.4121 160.955
9.2 213.969 25.5 160.531
9.3 214.254 25.5911 160.154
9.4 214.493 25.6834 159.824
9.5 214.687 25.7751 159.538
9.6 214.842 25.8645 159.294
9.7 214.962 25.95 159.088
9.8 215.051 26.0302 158.919
9.9 215.114 26.1038 158.782
10 215.156 26.1698 158.674
10.1 215.182 26.227 158.591
10.2 215.195 26.2749 158.53
10.3 215.201 26.3128 158.486
10.4 215.204 26.3403 158.455
10.5 215.208 26.3571 158.435
10.6 215.217 26.3633 158.42
10.7 215.233 26.3587 158.408
10.8 215.261 26.3437 158.395
10.9 215.303 26.3186 158.379
11 215.361 26.2839 158.355
11.1 215.437 26.24 158.323
11.2 215.534 26.1876 158.279
11.3 215.652 26.1274 158.221
11.4 215.792 26.06 158.148
11.5 215.955 25.9863 158.059
11.6 216.141 25.9071 157.952
11.7 216.351 25.823 157.826
11.8 216.583 25.735 157.682
11.9 216.838 25.6436 157.518
12 217.115 25.5497 157.335
12.1 217.413 25.4538 157.133
12.2 217.73 25.3568 156.913
12.3 218.067 25.2591 156.674
12.4 218.42 25.1613 156.418
12.5 218.79 25.0638 156.146
12.6 219.175 24.9672 155.858
12.7 219.573 24.8717 155.555
12.8 219.983 24.7778 155.239
12.9 220.404 24.6856 154.91
13 220.834 24.5954 154.57
13.1 221.272 24.5074 154.22
13.2 221.717 24.4216 153.862
13.3 222.167 24.3381 153.495
13.4 222.621 24.2571 153.122
13.5 223.079 24.1784 152.743
13.6 223.539 24.102 152.359
13.7 224 24.0279 151.972
13.8 224.463 23.9559 151.581
13.9 224.925 23.886 151.189
14 225.386 23.8181 150.796
14.1 225.847 23.7518 150.401
14.2 226.306 23.6872 150.007
14.3 226.763 23.624 149.613
14.4 227.219 23.562 149.219
14.5 227.672 23.5011 148.827
14.6 228.123 23.441 148.436
14.7 228.572 23.3816 148.046
14.8 229.019 23.3226 147.658
14.9 229.464 23.2639 147.272
15 229.907 23.2054 146.888
15.1 230.348 23.1468 146.505
15.2 230.788 23.088 146.124
15.3 231.227 23.0288 145.744
15.4 231.665 22.9691 145.365
15.5 232.103 22.9088 144.988
15.6 232.541 22.8477 144.611
15.7 232.979 22.7858 144.235
15.8 233.418 22.7229 143.859
15.9 233.858 22.659 143.483
16 234.3 22.594 143.106
16.1 234.743 22.5278 142.729
16.2 235.188 22.4605 142.351
16.3 235.636 22.3919 141.972
16.4 236.087 22.322 141.591
16.5 236.541 22.2509 141.208
16.6 236.999 22.1785 140.823
16.7 237.46 22.1048 140.435
16.8 237.925 22.0299 140.045
16.9 238.395 21.9537 139.651
17 238.869 21.8763 139.255
17.1 239.347 21.7976 138.855
17.2 239.83 21.7179 138.452
17.3 240.319 21.637 138.044
17.4 240.812 21.555 137.633
17.5 241.31 21.472 137.218
17.6 241.813 21.3879 136.799
17.7 242.322 21.3029 136.375
17.8 242.836 21.217 135.947
17.9 243.355 21.1302 135.515
18 243.879 21.0426 135.078
18.1 244.409 20.9542 134.637
18.2 244.943 20.865 134.192
18.3 245.483 20.7751 133.742
18.4 246.028 20.6846 133.287
18.5 246.579 20.5934 132.828
18.6 247.134 20.5016 132.365
18.7 247.694 20.4092 131.897
18.8 248.259 20.3163 131.425
18.9 248.829 20.2229 130.948
19 249.403 20.1289 130.468
19.1 249.982 20.0345 129.983
19.2 250.566 19.9396 129.494
19.3 251.154 19.8443 129.002
19.4 251.747 19.7485 128.505
19.5 252.344 19.6523 128.004
19.6 252.945 19.5556 127.5
19.7 253.55 19.4586 126.991
19.8 254.16 19.3611 126.479
19.9 254.773 19.2633 125.964
20 255.391 19.165 125.444
20.1 256.012 19.0663 124.922
20.2 256.637 18.9672 124.396
20.3 257.266 18.8677 123.866
20.4 257.899 18.7677 123.333
20.5 258.536 18.6674 122.797
20.6 259.176 18.5666 122.257
20.7 259.821 18.4654 121.714
20.8 260.468 18.3637 121.168
20.9 261.12 18.2616 120.619
21 261.775 18.159 120.066
21.1 262.433 18.0559 119.511
21.2 263.096 17.9524 118.952
21.3 263.762 17.8484 118.39
21.4 264.431 17.7439 117.825
21.5 265.104 17.6389 117.257
21.6 265.781 17.5334 116.686
21.7 266.461 17.4274 116.112
21.8 267.145 17.3209 115.534
21.9 267.832 17.2139 114.954
22 268.523 17.1063 114.37
22.1 269.218 16.9982 113.784
22.2 269.916 16.8896 113.194
22.3 270.618 16.7805 112.601
22.4 271.324 16.6708 112.005
22.5 272.033 16.5606 111.406
22.6 272.746 16.4498 110.804
22.7 273.463 16.3385 110.199
22.8 274.183 16.2266 109.59
22.9 274.907 16.1142 108.979
23 275.635 16.0013 108.364
23.1 276.366 15.8878 107.746
23.2 277.101 15.7737 107.125
23.3 277.84 15.6592 106.501
23.4 278.582 15.5441 105.874
23.5 279.328 15.4285 105.243
23.6 280.078 15.3123 104.61
23.7 280.831 15.1956 103.973
23.8 281.589 15.0785 103.333
23.9 282.349 14.9608 102.69
24 283.114 14.8425 102.044
24.1 283.882 14.7238 101.394
24.2 284.654 14.6046 100.742
24.3 285.429 14.485 100.086
24.4 286.208 14.3648 99.4272
24.5 286.991 14.2441 98.7652
24.6 287.777 14.123 98.1002
24.7 288.566 14.0015 97.4321
24.8 289.36 13.8795 96.761
24.9 290.156 13.757 96.0867
25 290.956 13.6341 95.4095
25.1 291.76 13.5108 94.7293
25.2 292.567 13.3871 94.0461
25.3 293.377 13.263 93.3599
25.4 294.191 13.1385 92.6708
25.5 295.008 13.0136 91.9788
25.6 295.828 12.8883 91.284
25.7 296.651 12.7627 90.5863
25.8 297.478 12.6367 89.8858
25.9 298.307 12.5104 89.1825
26 299.14 12.3838 88.4765
26.1 299.975 12.2568 87.7678
26.2 300.814 12.1296 87.0565
26.3 301.655 12.002 86.3425
26.4 302.5 11.8742 85.626
26.5 303.347 11.7461 84.9069
26.6 304.197 11.6177 84.1854
26.7 305.049 11.4892 83.4615
26.8 305.905 11.3603 82.7351
26.9 306.762 11.2313 82.0065
27 307.622 11.1021 81.2756
27.1 308.485 10.9727 80.5424
27.2 309.35 10.8431 79.8071
27.3 310.217 10.7134 79.0697
27.4 311.086 10.5836 78.3302
27.5 311.958 10.4536 77.5888
27.6 312.831 10.3235 76.8454
27.7 313.706 10.1934 76.1002
27.8 314.584 10.0631 75.3532
27.9 315.463 9.93287 74.6045
28 316.343 9.80256 73.8542
28.1 317.226 9.67223 73.1022
28.2 318.109 9.54191 72.3488
28.3 318.994 9.41161 71.5939
28.4 319.881 9.28135 70.8377
28.5 320.769 9.15116 70.0802
28.6 321.657 9.02105 69.3216
28.7 322.547 8.89104 68.5618
28.8 323.438 8.76115 67.801
28.9 324.329 8.63141 67.0393
29 325.221 8.50184 66.2768
29.1 326.114 8.37246 65.5135
29.2 327.007 8.24329 64.7495
29.3 327.901 8.11435 63.9851
29.4 328.794 7.98567 63.2201
29.5 329.688 7.85728 62.4548
29.6 330.582 7.72919 61.6892
29.7 331.475 7.60143 60.9235
29.8 332.368 7.47402 60.1578
29.9 333.261 7.347 59.3921
30 334.153 7.22038 58.6266
30.1 335.044 7.09419 57.8614
30.2 335.935 6.96846 57.0966
30.3 336.824 6.84322 56.3323
30.4 337.713 6.71848 55.5686
30.5 338.6 6.59429 54.8057
30.6 339.486 6.47066 54.0437
30.7 340.37 6.34762 53.2828
30.8 341.252 6.2252 52.5229
30.9 342.132 6.10342 51.7643
31 343.011 5.98233 51.0071
31.1 343.887 5.86193 50.2515
31.2 344.76 5.74227 49.4975
31.3 345.631 5.62337 48.7453
31.4 346.5 5.50526 47.995
31.5 347.365 5.38797 47.2469
31.6 348.228 5.27152 46.5009
31.7 349.087 5.15595 45.7573
31.8 349.942 5.04128 45.0162
31.9 350.795 4.92754 44.2778
32 351.643 4.81476 43.5422
32.1 352.488 4.70297 42.8095
32.2 353.328 4.5922 42.0799
32.3 354.164 4.48247 41.3536
32.4 354.996 4.37381 40.6306
32.5 355.822 4.26625 39.9113
32.6 356.645 4.15982 39.1956
32.7 357.462 4.05454 38.4837
32.8 358.274 3.95044 37.7759
32.9 359.08 3.84754 37.0722
33 359.881 3.74588 36.3729
33.1 360.677 3.64547 35.678
33.2 361.466 3.54633 34.9878
33.3 362.249 3.44851 34.3023
33.4 363.026 3.352 33.6217
33.5 363.797 3.25684 32.9462
33.6 364.561 3.16306 32.276
33.7 365.318 3.07066 31.6111
33.8 366.069 2.97967 30.9517
33.9 366.812 2.89012 30.298
34 367.548 2.802 29.6502
34.1 368.276 2.71536 29.0083
34.2 368.997 2.63019 28.3725
34.3 369.711 2.54652 27.7429
34.4 370.416 2.46436 27.1197
34.5 371.113 2.38372 26.503
34.6 371.802 2.30462 25.893
34.7 372.483 2.22706 25.2897
34.8 373.156 2.15105 24.6934
34.9 373.819 2.07661 24.104
35 374.474 2.00374 23.5218
35.1 375.121 1.93245 22.9468
35.2 375.758 1.86273 22.3792
35.3 376.386 1.7946 21.8191
35.4 377.005 1.72806 21.2665
35.5 377.615 1.6631 20.7216
35.6 378.216 1.59972 20.1844
35.7 378.807 1.53793 19.6551
35.8 379.389 1.47772 19.1338
35.9 379.961 1.41908 18.6204
36 380.523 1.36201 18.1151
36.1 381.076 1.30651 17.6179
36.2 381.618 1.25255 17.129
36.3 382.152 1.20014 16.6483
36.4 382.675 1.14925 16.1759
36.5 383.188 1.09989 15.7119
36.6 383.692 1.05202 15.2563
36.7 384.185 1.00565 14.8091
36.8 384.669 0.960751 14.3703
36.9 385.143 0.917305 13.94
37 385.606 0.875295 13.5182
37.1 386.06 0.834702 13.1049
37.2 386.504 0.795505 12.7001
37.3 386.939 0.757682 12.3037
37.4 387.363 0.721211 11.9158
37.5 387.778 0.686069 11.5364
37.6 388.182 0.65223 11.1654
37.7 388.578 0.61967 10.8028
37.8 388.963 0.588364 10.4486
37.9 389.339 0.558285 10.1026
38 389.706 0.529405 9.765
38.1 390.063 0.501698 9.43557
38.2 390.411 0 9.1143
38.3 390.866 0 8.65859
38.4 391.299 0 8.22566
38.5 391.71 0 7.81437
38.6 392.101 0 7.42366
38.7 392.472 0 7.05247
38.8 392.825 0 6.69985
38.9 393.16 0 6.36486
39 393.478 0 6.04661
39.1 393.781 0 5.74428
39.2 394.068 0 5.45707
39.3 394.341 0 5.18422
39.4 394.6 0 4.925
39.5 394.846 0 4.67875
39.6 395.08 0 4.44482
39.7 395.302 0 4.22258
39.8 395.513 0 4.01145
39.9 395.714 0 3.81087
40 395.905 0 3.62033
40.1 396.086 0 3.43931
40.2 396.258 0 3.26735
40.3 396.421 0 3.10398
40.4 396.576 0 2.94878
40.5 396.724 0 2.80134
40.6 396.864 0 2.66128
40.7 396.997 0 2.52821
40.8 397.123 0 2.4018
40.9 397.243 0 2.28171
41 397.357 0 2.16763
41.1 397.466 0 2.05924
41.2 397.569 0 1.95628
41.3 397.666 0 1.85847
41.4 397.759 0 1.76554
41.5 397.848 0 1.67727
41.6 397.931 0 1.5934
41.7 398.011 0 1.51373
41.8 398.087 0 1.43805
41.9 398.159 0 1.36614
42 398.227 0 1.29784
42.1 398.292 0 1.23295
42.2 398.354 0 1.1713
42.3 398.412 0 1.11273
42.4 398.468 0 1.0571
42.5 398.521 0 1.00424
42.6 398.571 0 0.95403
42.7 398.619 0 0.906328
42.8 398.664 0 0.861012
42.9 398.707 0 0.817961
43 398.748 0 0.777063
43.1 398.787 0 0.73821
43.2 398.824 0 0.7013
43.3 398.859 0 0.666235
43.4 398.892 0 0.632923
43.5 398.924 0 0.601277
43.6 398.954 0 0.571213
43.7 398.982 0 0.542652
43.8 399.009 0 0.51552
43.9 399.035 0 0
44 399.035 0 0
44.1 399.035 0 0
44.2 399.035 0 0
44.3 399.035 0 0
44.4 399.035 0 0
44.5 399.035 0 0
44.6 399.035 0 0
44.7 399.035 0 0
44.8 399.035 0 0
44.9 399.035 0 0
45 399.035 0 0
45.1 399.035 0 0
45.2 399.035 0 0
45.3 399.035 0 0
45.4 399.035 0 0
45.5 399.035 0 0
45.6 399.035 0 0
45.7 399.035 0 0
45.8 399.035 0 0
45.9 399.035 0 0
46 399.035 0 0
46.1 399.035 0 0
46.2 399.035 0 0
46.3 399.035 0 0
46.4 399.035 0 0
46.5 399.035 0 0
46.6 399.035 0 0
46.7 399.035 0 0
46.8 399.035 0 0
46.9 399.035 0 0
47 399.035 0 0
47.1 399.035 0 0
47.2 399.035 0 0
47.3 399.035 0 0
47.4 399.035 0 0
47.5 399.035 0 0
47.6 399.035 0 0
47.7 399.035 0 0
47.8 399.035 0 0
47.9 399.035 0 0
48 399.035 0 0
48.1 399.035 0 0
48.2 399.035 0 0
48.3 399.035 0 0
48.4 399.035 0 0
48.5 399.035 0 0
48.6 399.035 0 0
48.7 399.035 0 0
48.8 399.035 0 0
48.9 399.035 0 0
49 399.035 0 0
49.1 399.035 0 0
49.2 399.035 0 0
49.3 399.035 0 0
49.4 399.035 0 0
49.5 399.035 0 0
49.6 399.035 0 0
49.7 399.035 0 0
49.8 399.035 0 0
49.9 399.035 0 0
50 399.035 0 0
50.1 399.035 0 0
50.2 399.035 0 0
50.3 399.035 0 0
50.4 399.035 0 0
50.5 399.035 0 0
50.6 399.035 0 0
50.7 399.035 0 0
50.8 399.035 0 0
50.9 399.035 0 0
51 399.035 0 0
51.1 399.035 0 0
51.2 399.035 0 0
51.3 399.035 0 0
51.4 399.035 0 0
51.5 399.035 0 0
51.6 399.035 0 0
51.7 399.035 0 0
51.8 399.035 0 0
51.9 399.035 0 0
52 399.035 0 0
52.1 399.035 0 0
52.2 399.035 0 0
52.3 399.035 0 0
52.4 399.035 0 0
52.5 399.035 0 0
52.6 399.035 0 0
52.7 399.035 0 0
52.8 399.035 0 0
52.9 399.035 0 0
53 399.035 0 0
53.1 399.035 0 0
53.2 399.035 0 0
53.3 399.035 0 0
53.4 399.035 0 0
53.5 399.035 0 0
53.6 399.035 0 0
53.7 399.035 0 0
53.8 399.035 0 0
53.9 399.035 0 0
54 399.035 0 0
54.1 399.035 0 0
54.2 399.035 0 0
54.3 399.035 0 0
54.4 399.035 0 0
54.5 399.035 0 0
54.6 399.035 0 0
54.7 399.035 0 0
54.8 399.035 0 0
54.9 399.035 0 0
55 399.035 0 0
55.1 399.035 0 0
55.2 399.035 0 0
55.3 399.035 0 0
55.4 399.035 0 0
55.5 399.035 0 0
55.6 399.035 0 0
55.7 399.035 0 0
55.8 399.035 0 0
55.9 399.035 0 0
56 399.035 0 0
56.1 399.035 0 0
56.2 399.035 0 0
56.3 399.035 0 0
56.4 399.035 0 0
56.5 399.035 0 0
56.6 399.035 0 0
56.7 399.035 0 0
56.8 399.035 0 0
56.9 399.035 0 0
57 399.035 0 0
57.1 399.035 0 0
57.2 399.035 0 0
57.3 399.035 0 0
57.4 399.035 0 0
57.5 399.035 0 0
57.6 399.035 0 0
57.7 399.035 0 0
57.8 399.035 0 0
57.9 399.035 0 0
58 399.035 0 0
58.1 399.035 0 0
58.2 399.035 0 0
58.3 399.035 0 0
58.4 399.035 0 0
58.5 399.035 0 0
58.6 399.035 0 0
58.7 399.035 0 0
58.8 399.035 0 0
58.9 399.035 0 0
59 399.035 0 0
59.1 399.035 0 0
59.2 399.035 0 0
59.3 399.035 0 0
59.4 399.035 0 0
59.5 399.035 0 0
59.6 399.035 0 0
59.7 399.035 0 0
59.8 399.035 0 0
59.9 399.035 0 0
60 399.035 0 0
60.1 399.035 0 0
60.2 399.035 0 0
60.3 399.035 0 0
60.4 399.035 0 0
60.5 399.035 0 0
60.6 399.035 0 0
60.7 399.035 0 0
60.8 399.035 0 0
60.9 399.035 0 0
61 399.035 0 0
61.1 399.035 0 0
61.2 399.035 0 0
61.3 399.035 0 0
61.4 399.035 0 0
61.5 399.035 0 0
61.6 399.035 0 0
61.7 399.035 0 0
61.8 399.035 0 0
61.9 399.035 0 0
62 399.035 0 0
62.1 399.035 0 0
62.2 399.035 0 0
62.3 399.035 0 0
62.4 399.035 0 0
62.5 399.035 0 0
62.6 399.035 0 0
62.7 399.035 0 0
62.8 399.035 0 0
62.9 399.035 0 0
63 399.035 0 0
63.1 399.035 0 0
63.2 399.035 0 0
63.3 399.035 0 0
63.4 399.035 0 0
63.5 399.035 0 0
63.6 399.035 0 0
63.7 399.035 0 0
63.8 399.035 0 0
63.9 399.035 0 0
64 399.035 0 0
64.1 399.035 0 0
64.2 399.035 0 0
64.3 399.035 0 0
64.4 399.035 0 0
64.5 399.035 0 0
64.6 399.035 0 0
64.7 399.035 0 0
64.8 399.035 0 0
64.9 399.035 0 0
65 399.035 0 0
65.1 399.035 0 0
65.2 399.035 0 0
65.3 399.035 0 0
65.4 399.035 0 0
65.5 399.035 0 0
65.6 399.035 0 0
65.7 399.035 0 0
65.8 399.035 0 0
65.9 399.035 0 0
66 399.035 0 0
66.1 399.035 0 0
66.2 399.035 0 0
66.3 399.035 0 0
66.4 399.035 0 0
66.5 399.035 0 0
66.6 399.035 0 0
66.7 399.035 0 0
66.8 399.035 0 0
66.9 399.035 0 0
67 399.035 0 0
67.1 399.035 0 0
67.2 399.035 0 0
67.3 399.035 0 0
67.4 399.035 0 0
67.5 399.035 0 0
67.6 399.035 0 0
67.7 399.035 0 0
67.8 399.035 0 0
67.9 399.035 0 0
68 399.035 0 0
68.1 399.035 0 0
68.2 399.035 0 0
68.3 399.035 0 0
68.4 399.035 0 0
68.5 399.035 0 0
68.6 399.035 0 0
68.7 399.035 0 0
68.8 399.035 0 0
68.9 399.035 0 0
69 399.035 0 0
69.1 399.035 0 0
69.2 399.035 0 0
69.3 399.035 0 0
69.4 399.035 0 0
69.5 399.035 0 0
69.6 399.035 0 0
69.7 399.035 0 0
69.8 399.035 0 0
69.9 399.035 0 0
70 399.035 0 0
70.1 399.035 0 0
70.2 399.035 0 0
70.3 399.035 0 0
70.4 399.035 0 0
70.5 399.035 0 0
70.6 399.035 0 0
70.7 399.035 0 0
70.8 399.035 0 0
70.9 399.035 0 0
71 399.035 0 0
71.1 399.035 0 0
71.2 399.035 0 0
71.3 399.035 0 0
71.4 399.035 0 0
71.5 399.035 0 0
71.6 399.035 0 0
71.7 399.035 0 0
71.8 399.035 0 0
71.9 399.035 0 0
72 399.035 0 0
72.1 399.035 0 0
72.2 399.035 0 0
72.3 399.035 0 0
72.4 399.035 0 0
72.5 399.035 0 0
72.6 399.035 0 0
72.7 399.035 0 0
72.8 399.035 0 0
72.9 399.035 0 0
73 399.035 0 0
73.1 399.035 0 0
73.2 399.035 0 0
73.3 399.035 0 0
73.4 399.035 0 0
73.5 399.035 0 0
73.6 399.035 0 0
73.7 399.035 0 0
73.8 399.035 0 0
73.9 399.035 0 0
74 399.035 0 0
74.1 399.035 0 0
74.2 399.035 0 0
74.3 399.035 0 0
74.4 399.035 0 0
74.5 399.035 0 0
74.6 399.035 0 0
74.7 399.035 0 0
74.8 399.035 0 0
74.9 399.035 0 0
75 399.035 0 0
75.1 399.035 0 0
75.2 399.035 0 0
75.3 399.035 0 0
75.4 399.035 0 0
75.5 399.035 0 0
75.6 399.035 0 0
75.7 399.035 0 0
75.8 399.035 0 0
75.9 399.035 0 0
76 399.035 0 0
76.1 399.035 0 0
76.2 399.035 0 0
76.3 399.035 0 0
76.4 399.035 0 0
76.5 399.035 0 0
76.6 399.035 0 0
76.7 399.035 0 0
76.8 399.035 0 0
76.9 399.035 0 0
77 399.035 0 0
77.1 399.035 0 0
77.2 399.035 0 0
77.3 399.035 0 0
77.4 399.035 0 0
77.5 399.035 0 0
77.6 399.035 0 0
77.7 399.035 0 0
77.8 399.035 0 0
77.9 399.035 0 0
78 399.035 0 0
78.1 399.035 0 0
78.2 399.035 0 0
78.3 399.035 0 0
78.4 399.035 0 0
78.5 399.035 0 0
78.6 399.035 0 0
78.7 399.035 0 0
78.8 399.035 0 0
78.9 399.035 0 0
79 399.035 0 0
79.1 399.035 0 0
79.2 399.035 0 0
79.3 399.035 0 0
79.4 399.035 0 0
79.5 399.035 0 0
79.6 399.035 0 0
79.7 399.035 0 0
79.8 399.035 0 0
79.9 399.035 0 0
80 399.035 0 0
80.1 399.035 0 0
80.2 399.035 0 0
80.3 399.035 0 0
80.4 399.035 0 0
80.5 399.035 0 0
80.6 399.035 0 0
80.7 399.035 0 0
80.8 399.035 0 0
80.9 399.035 0 0
81 399.035 0 0
81.1 399.035 0 0
81.2 399.035 0 0
81.3 399.035 0 0
81.4 399.035 0 0
81.5 399.035 0 0
81.6 399.035 0 0
81.7 399.035 0 0
81.8 399.035 0 0
81.9 399.035 0 0
82 399.035 0 0
82.1 399.035 0 0
82.2 399.035 0 0
82.3 399.035 0 0
82.4 399.035 0 0
82.5 399.035 0 0
82.6 399.035 0 0
82.7 399.035 0 0
82.8 399.035 0 0
82.9 399.035 0 0
83 399.035 0 0
83.1 399.035 0 0
83.2 399.035 0 0
83.3 399.035 0 0
83.4 399.035 0 0
83.5 399.035 0 0
83.6 399.035 0 0
83.7 399.035 0 0
83.8 399.035 0 0
83.9 399.035 0 0
84 399.035 0 0
84.1 399.035 0 0
84.2 399.035 0 0
84.3 399.035 0 0
84.4 399.035 0 0
84.5 399.035 0 0
84.6 399.035 0 0
84.7 399.035 0 0
84.8 399.035 0 0
84.9 399.035 0 0
85 399.035 0 0
85.1 399.035 0 0
85.2 399.035 0 0
85.3 399.035 0 0
85.4 399.035 0 0
85.5 399.035 0 0
85.6 399.035 0 0
85.7 399.035 0 0
85.8 399.035 0 0
85.9 399.035 0 0
86 399.035 0 0
86.1 399.035 0 0
86.2 399.035 0 0
86.3 399.035 0 0
86.4 399.035 0 0
86.5 399.035 0 0
86.6 399.035 0 0
86.7 399.035 0 0
86.8 399.035 0 0
86.9 399.035 0 0
87 399.035 0 0
87.1 399.035 0 0
87.2 399.035 0 0
87.3 399.035 0 0
87.4 399.035 0 0
87.5 399.035 0 0
87.6 399.035 0 0
87.7 399.035 0 0
87.8 399.035 0 0
87.9 399.035 0 0
88 399.035 0 0
88.1 399.035 0 0
88.2 399.035 0 0
88.3 399.035 0 0
88.4 399.035 0 0
88.5 399.035 0 0
88.6 399.035 0 0
88.7 399.035 0 0
88.8 399.035 0 0
88.9 399.035 0 0
89 399.035 0 0
89.1 399.035 0 0
89.2 399.035 0 0
89.3 399.035 0 0
89.4 399.035 0 0
89.5 399.035 0 0
89.6 399.035 0 0
89.7 399.035 0 0
89.8 399.035 0 0
89.9 399.035 0 0
90 399.035 0 0
90.1 399.035 0 0
90.2 399.035 0 0
90.3 399.035 0 0
90.4 399.035 0 0
90.5 399.035 0 0
90.6 399.035 0 0
90.7 399.035 0 0
90.8 399.035 0 0
90.9 399.035 0 0
91 399.035 0 0
91.1 399.035 0 0
91.2 399.035 0 0
91.3 399.035 0 0
91.4 399.035 0 0
91.5 399.035 0 0
91.6 399.035 0 0
91.7 399.035 0 0
91.8 399.035 0 0
91.9 399.035 0 0
92 399.035 0 0
92.1 399.035 0 0
92.2 399.035 0 0
92.3 399.035 0 0
92.4 399.035 0 0
92.5 399.035 0 0
92.6 399.035 0 0
92.7 399.035 0 0
92.8 399.035 0 0
92.9 399.035 0 0
93 399.035 0 0
93.1 399.035 0 0
93.2 399.035 0 0
93.3 399.035 0 0
93.4 399.035 0 0
93.5 399.035 0 0
93.6 399.035 0 0
93.7 399.035 0 0
93.8 399.035 0 0
93.9 399.035 0 0
94 399.035 0 0
94.1 399.035 0 0
94.2 399.035 0 0
94.3 399.035 0 0
94.4 399.035 0 0
94.5 399.035 0 0
94.6 399.035 0 0
94.7 399.035 0 0
94.8 399.035 0 0
94.9 399.035 0 0
95 399.035 0 0
95.1 399.035 0 0
95.2 399.035 0 0
95.3 399.035 0 0
95.4 399.035 0 0
95.5 399.035 0 0
95.6 399.035 0 0
95.7 399.035 0 0
95.8 399.035 0 0
95.9 399.035 0 0
96 399.035 0 0
96.1 399.035 0 0
96.2 399.035 0 0
96.3 399.035 0 0
96.4 399.035 0 0
96.5 399.035 0 0
96.6 399.035 0 0
96.7 399.035 0 0
96.8 399.035 0 0
96.9 399.035 0 0
97 399.035 0 0
97.1 399.035 0 0
97.2 399.035 0 0
97.3 399.035 0 0
97.4 399.035 0 0
97.5 399.035 0 0
97.6 399.035 0 0
97.7 399.035 0 0
97.8 399.035 0 0
97.9 399.035 0 0
98 399.035 0 0
98.1 399.035 0 0
98.2 399.035 0 0
98.3 399.035 0 0
98.4 399.035 0 0
98.5 399.035 0 0
98.6 399.035 0 0
98.7 399.035 0 0
98.8 399.035 0 0
98.9 399.035 0 0
99 399.035 0 0
99.1 399.035 0 0
99.2 399.035 0 0
99.3 399.035 0 0
99.4 399.035 0 0
99.5 399.035 0 0
99.6 399.035 0 0
99.7 399.035 0 0
99.8 399.035 0 0
99.9 399.035 0 0
100 399.035 0 0
-----------------------------------------
D
t S I R
0 300 100 0
0.1 255 105 40
0.2 216.838 103.162 80
0.3 187.284 95.4507 117.265
0.4 166.335 84.0834 149.582
0.5 152.837 71.4268 175.736
0.6 145.251 59.2284 195.52
0.7 142.126 48.4385 209.435
0.8 142.275 39.3863 218.339
0.9 144.79 32.0338 223.177
1 148.995 26.1738 224.831
1.1 154.391 21.5501 224.059
1.2 160.607 17.9168 221.476
1.3 167.368 15.0623 217.569
1.4 174.47 12.8146 212.716
1.5 181.756 11.0381 207.206
1.6 189.112 9.62776 201.261
1.7 196.448 8.50314 195.049
1.8 203.7 7.60276 188.698
1.9 210.816 6.87973 182.304
2 217.761 6.29822 175.941
2.1 224.506 5.83078 169.663
2.2 231.032 5.45635 163.512
2.3 237.322 5.15869 157.519
2.4 243.368 4.92524 151.706
2.5 249.162 4.74631 146.091
2.6 254.7 4.61441 140.685
2.7 259.98 4.52376 135.497
2.8 264.999 4.46994 130.531
2.9 269.758 4.44962 125.793
3 274.257 4.46031 121.283
3.1 278.497 4.50026 117.003
3.2 282.479 4.56827 112.953
3.3 286.204 4.66362 109.133
3.4 289.673 4.786 105.541
3.5 292.886 4.9354 102.179
3.6 295.844 5.1121 99.0439
3.7 298.547 5.31657 96.1366
3.8 300.994 5.54946 93.4564
3.9 303.185 5.81152 91.0033
4 305.119 6.10354 88.7778
4.1 306.793 6.42633 86.7803
4.2 308.208 6.7806 85.0118
4.3 309.36 7.16693 83.4735
4.4 310.248 7.58569 82.1666
4.5 310.871 8.03689 81.0925
4.6 311.227 8.52018 80.2527
4.7 311.317 9.03468 79.6481
4.8 311.142 9.57891 79.2796
4.9 310.702 10.1507 79.1471
5 310.003 10.747 79.2501
5.1 309.05 11.3641 79.5864
5.2 307.85 11.9972 80.1527
5.3 306.415 12.6406 80.9439
5.4 304.759 13.2879 81.953
5.5 302.898 13.9317 83.1705
5.6 300.851 14.5641 84.5846
5.7 298.642 15.1767 86.181
5.8 296.297 15.7608 87.9427
5.9 293.842 16.308 89.8499
6 291.309 16.81 91.8806
6.1 288.73 17.2594 94.0105
6.2 286.136 17.6498 96.2138
6.3 283.561 17.9761 98.463
6.4 281.035 18.2346 100.73
6.5 278.589 18.4232 102.988
6.6 276.251 18.5416 105.207
6.7 274.045 18.5911 107.364
6.8 271.994 18.5744 109.432
6.9 270.114 18.4958 111.39
7 268.421 18.3603 113.219
7.1 266.924 18.1741 114.902
7.2 265.63 17.9437 116.427
7.3 264.541 17.6761 117.783
7.4 263.658 17.3781 118.964
7.5 262.976 17.0564 119.967
7.6 262.491 16.7176 120.791
7.7 262.194 16.3674 121.439
7.8 262.075 16.0113 121.914
7.9 262.123 15.6541 122.223
8 262.327 15.2998 122.373
8.1 262.674 14.952 122.374
8.2 263.15 14.6136 122.237
8.3 263.743 14.2869 121.97
8.4 264.44 13.9738 121.586
8.5 265.228 13.6757 121.097
8.6 266.094 13.3936 120.512
8.7 267.028 13.1282 119.844
8.8 268.017 12.8799 119.103
8.9 269.051 12.6488 118.3
9 270.121 12.4349 117.444
9.1 271.216 12.2379 116.546
9.2 272.329 12.0574 115.614
9.3 273.451 11.8931 114.656
9.4 274.575 11.7443 113.681
9.5 275.695 11.6105 112.694
9.6 276.805 11.491 111.704
9.7 277.9 11.3851 110.715
9.8 278.975 11.2921 109.733
9.9 280.025 11.2113 108.763
10 281.048 11.1419 107.81
10.1 282.041 11.0832 106.876
10.2 283 11.0345 105.965
10.3 283.924 10.995 105.081
10.4 284.811 10.964 104.225
10.5 285.66 10.9408 103.399
10.6 286.47 10.9246 102.606
10.7 287.24 10.9147 101.845
10.8 287.971 10.9104 101.119
10.9 288.662 10.911 100.427
11 289.314 10.9159 99.7701
11.1 289.928 10.9243 99.148
11.2 290.504 10.9357 98.5603
11.3 291.044 10.9494 98.0066
11.4 291.549 10.9647 97.486
11.5 292.021 10.9812 96.9976
11.6 292.462 10.9982 96.5402
11.7 292.872 11.0151 96.1125
11.8 293.256 11.0315 95.7129
11.9 293.613 11.0469 95.3399
12 293.948 11.0608 94.9916
12.1 294.261 11.0729 94.6664
12.2 294.555 11.0826 94.3622
12.3 294.833 11.0897 94.0771
12.4 295.097 11.0938 93.8092
12.5 295.349 11.0948 93.5563
12.6 295.591 11.0922 93.3163
12.7 295.827 11.086 93.0874
12.8 296.057 11.076 92.8675
12.9 296.284 11.062 92.6545
13 296.51 11.044 92.4465
13.1 296.736 11.0218 92.2418
13.2 296.966 10.9956 92.0384
13.3 297.2 10.9653 91.8348
13.4 297.44 10.9309 91.6291
13.5 297.687 10.8925 91.42
13.6 297.944 10.8502 91.206
13.7 298.21 10.8042 90.9858
13.8 298.487 10.7545 90.7582
13.9 298.777 10.7013 90.5221
14 299.079 10.6449 90.2765
14.1 299.394 10.5852 90.0206
14.2 299.724 10.5227 89.7537
14.3 300.068 10.4573 89.4751
14.4 300.426 10.3894 89.1842
14.5 300.8 10.3191 88.8808
14.6 301.189 10.2467 88.5644
14.7 301.593 10.1723 88.2349
14.8 302.012 10.0962 87.8921
14.9 302.446 10.0184 87.5359
15 302.894 9.93926 87.1665
15.1 303.357 9.85887 86.7839
15.2 303.834 9.77743 86.3882
15.3 304.325 9.69508 85.9798
15.4 304.829 9.61197 85.5588
15.5 305.346 9.52824 85.1257
15.6 305.875 9.44402 84.6807
15.7 306.416 9.35943 84.2243
15.8 306.969 9.27457 83.7568
15.9 307.532 9.18953 83.2788
16 308.105 9.10442 82.7907
16.1 308.688 9.01929 82.2929
16.2 309.28 8.93423 81.786
16.3 309.88 8.84929 81.2704
16.4 310.489 8.76452 80.7466
16.5 311.105 8.67997 80.2151
16.6 311.728 8.59567 79.6763
16.7 312.358 8.51164 79.1307
16.8 312.993 8.42792 78.5789
16.9 313.634 8.34451 78.0211
17 314.281 8.26143 77.4578
17.1 314.932 8.17868 76.8895
17.2 315.587 8.09626 76.3165
17.3 316.247 8.01418 75.7392
17.4 316.91 7.93242 75.1579
17.5 317.576 7.85097 74.573
17.6 318.245 7.76982 73.9847
17.7 318.918 7.68897 73.3934
17.8 319.592 7.60838 72.7993
17.9 320.269 7.52805 72.2027
18 320.948 7.44795 71.6038
18.1 321.629 7.36807 71.0028
18.2 322.312 7.28839 70.3999
18.3 322.996 7.20888 69.7952
18.4 323.681 7.12952 69.189
18.5 324.368 7.0503 68.5814
18.6 325.056 6.97119 67.9724
18.7 325.746 6.89218 67.3623
18.8 326.436 6.81324 66.751
18.9 327.127 6.73436 66.1388
19 327.819 6.65552 65.5256
19.1 328.512 6.5767 64.9115
19.2 329.205 6.4979 64.2966
19.3 329.9 6.41909 63.681
19.4 330.595 6.34027 63.0645
19.5 331.291 6.26142 62.4474
19.6 331.988 6.18254 61.8296
19.7 332.685 6.10361 61.2111
19.8 333.383 6.02463 60.592
19.9 334.082 5.9456 59.9723
20 334.782 5.86651 59.3519
20.1 335.482 5.78736 58.7309
20.2 336.183 5.70815 58.1093
20.3 336.884 5.62888 57.4871
20.4 337.586 5.54955 56.8643
20.5 338.289 5.47017 56.2409
20.6 338.992 5.39073 55.6169
20.7 339.696 5.31125 54.9924
20.8 340.401 5.23174 54.3673
20.9 341.106 5.1522 53.7416
21 341.812 5.07264 53.1154
21.1 342.518 4.99307 52.4887
21.2 343.225 4.91351 51.8615
21.3 343.932 4.83397 51.2338
21.4 344.64 4.75445 50.6057
21.5 345.348 4.67499 49.9772
21.6 346.056 4.59559 49.3483
21.7 346.765 4.51626 48.7192
21.8 347.473 4.43704 48.0897
21.9 348.182 4.35793 47.46
22 348.891 4.27895 46.8302
22.1 349.6 4.20012 46.2003
22.2 350.308 4.12147 45.5703
22.3 351.017 4.04302 44.9404
22.4 351.725 3.96478 44.3106
22.5 352.432 3.88678 43.681
22.6 353.139 3.80904 43.0516
22.7 353.846 3.73158 42.4226
22.8 354.551 3.65443 41.7941
22.9 355.256 3.5776 41.1662
23 355.96 3.50114 40.5389
23.1 356.663 3.42504 39.9124
23.2 357.364 3.34936 39.2868
23.3 358.064 3.27409 38.6622
23.4 358.762 3.19928 38.0388
23.5 359.459 3.12495 37.4165
23.6 360.153 3.05111 36.7957
23.7 360.846 2.9778 36.1764
23.8 361.536 2.90504 35.5587
23.9 362.224 2.83286 34.9427
24 362.91 2.76128 34.3288
24.1 363.593 2.69033 33.7168
24.2 364.273 2.62002 33.1071
24.3 364.95 2.55039 32.4998
24.4 365.624 2.48146 31.8949
24.5 366.294 2.41326 31.2928
24.6 366.961 2.3458 30.6934
24.7 367.624 2.27911 30.0971
24.8 368.283 2.21322 29.5039
24.9 368.938 2.14814 28.914
25 369.589 2.08391 28.3275
25.1 370.235 2.02053 27.7447
25.2 370.876 1.95804 27.1657
25.3 371.513 1.89645 26.5906
25.4 372.145 1.83579 26.0197
25.5 372.771 1.77607 25.453
25.6 373.392 1.71731 24.8908
25.7 374.007 1.65953 24.3332
25.8 374.617 1.60275 23.7803
25.9 375.221 1.54698 23.2324
26 375.818 1.49225 22.6896
26.1 376.409 1.43855 22.152
26.2 376.994 1.38592 21.6198
26.3 377.572 1.33436 21.0932
26.4 378.144 1.28388 20.5723
26.5 378.708 1.23449 20.0572
26.6 379.266 1.18621 19.5482
26.7 379.816 1.13904 19.0452
26.8 380.358 1.09299 18.5486
26.9 380.894 1.04806 18.0584
27 381.421 1.00426 17.5747
27.1 381.941 0.961601 17.0976
27.2 382.453 0.920075 16.6274
27.3 382.956 0.879687 16.164
27.4 383.452 0.840436 15.7077
27.5 383.939 0.802322 15.2585
27.6 384.418 0.765342 14.8165
27.7 384.889 0.729492 14.3818
27.8 385.351 0.694766 13.9545
27.9 385.804 0.661159 13.5347
28 386.249 0.628663 13.1224
28.1 386.685 0.597268 12.7178
28.2 387.112 0.566965 12.3208
28.3 387.531 0.537742 11.9315
28.4 387.94 0.509586 11.5501
28.5 388.341 0 11.1764
28.6 388.9 0 10.6176
28.7 389.431 0 10.0867
28.8 389.935 0 9.58236
28.9 390.414 0 9.10324
29 390.869 0 8.64808
29.1 391.302 0 8.21568
29.2 391.713 0 7.80489
29.3 392.103 0 7.41465
29.4 392.474 0 7.04392
29.5 392.826 0 6.69172
29.6 393.16 0 6.35714
29.7 393.478 0 6.03928
29.8 393.78 0 5.73731
29.9 394.067 0 5.45045
30 394.34 0 5.17793
30.1 394.598 0 4.91903
30.2 394.844 0 4.67308
30.3 395.078 0 4.43942
30.4 395.3 0 4.21745
30.5 395.511 0 4.00658
30.6 395.711 0 3.80625
30.7 395.902 0 3.61594
30.8 396.082 0 3.43514
30.9 396.254 0 3.26339
31 396.417 0 3.10022
31.1 396.572 0 2.94521
31.2 396.72 0 2.79794
31.3 396.859 0 2.65805
31.4 396.992 0 2.52515
31.5 397.119 0 2.39889
31.6 397.239 0 2.27894
31.7 397.353 0 2.165
31.8 397.461 0 2.05675
31.9 397.564 0 1.95391
32 397.661 0 1.85621
32.1 397.754 0 1.7634
32.2 397.842 0 1.67523
32.3 397.926 0 1.59147
32.4 398.006 0 1.5119
32.5 398.081 0 1.4363
32.6 398.153 0 1.36449
32.7 398.221 0 1.29626
32.8 398.286 0 1.23145
32.9 398.348 0 1.16988
33 398.406 0 1.11138
33.1 398.462 0 1.05581
33.2 398.514 0 1.00302
33.3 398.565 0 0.952873
33.4 398.612 0 0.905229
33.5 398.658 0 0.859968
33.6 398.701 0 0.816969
33.7 398.741 0 0.776121
33.8 398.78 0 0.737315
33.9 398.817 0 0.700449
34 398.852 0 0.665426
34.1 398.885 0 0.632155
34.2 398.917 0 0.600547
34.3 398.947 0 0.57052
34.4 398.976 0 0.541994
34.5 399.003 0 0.514894
34.6 399.028 0 0
34.7 399.028 0 0
34.8 399.028 0 0
34.9 399.028 0 0
35 399.028 0 0
35.1 399.028 0 0
35.2 399.028 0 0
35.3 399.028 0 0
35.4 399.028 0 0
35.5 399.028 0 0
35.6 399.028 0 0
35.7 399.028 0 0
35.8 399.028 0 0
35.9 399.028 0 0
36 399.028 0 0
36.1 399.028 0 0
36.2 399.028 0 0
36.3 399.028 0 0
36.4 399.028 0 0
36.5 399.028 0 0
36.6 399.028 0 0
36.7 399.028 0 0
36.8 399.028 0 0
36.9 399.028 0 0
37 399.028 0 0
37.1 399.028 0 0
37.2 399.028 0 0
37.3 399.028 0 0
37.4 399.028 0 0
37.5 399.028 0 0
37.6 399.028 0 0
37.7 399.028 0 0
37.8 399.028 0 0
37.9 399.028 0 0
38 399.028 0 0
38.1 399.028 0 0
38.2 399.028 0 0
38.3 399.028 0 0
38.4 399.028 0 0
38.5 399.028 0 0
38.6 399.028 0 0
38.7 399.028 0 0
38.8 399.028 0 0
38.9 399.028 0 0
39 399.028 0 0
39.1 399.028 0 0
39.2 399.028 0 0
39.3 399.028 0 0
39.4 399.028 0 0
39.5 399.028 0 0
39.6 399.028 0 0
39.7 399.028 0 0
39.8 399.028 0 0
39.9 399.028 0 0
40 399.028 0 0
40.1 399.028 0 0
40.2 399.028 0 0
40.3 399.028 0 0
40.4 399.028 0 0
40.5 399.028 0 0
40.6 399.028 0 0
40.7 399.028 0 0
40.8 399.028 0 0
40.9 399.028 0 0
41 399.028 0 0
41.1 399.028 0 0
41.2 399.028 0 0
41.3 399.028 0 0
41.4 399.028 0 0
41.5 399.028 0 0
41.6 399.028 0 0
41.7 399.028 0 0
41.8 399.028 0 0
41.9 399.028 0 0
42 399.028 0 0
42.1 399.028 0 0
42.2 399.028 0 0
42.3 399.028 0 0
42.4 399.028 0 0
42.5 399.028 0 0
42.6 399.028 0 0
42.7 399.028 0 0
42.8 399.028 0 0
42.9 399.028 0 0
43 399.028 0 0
43.1 399.028 0 0
43.2 399.028 0 0
43.3 399.028 0 0
43.4 399.028 0 0
43.5 399.028 0 0
43.6 399.028 0 0
43.7 399.028 0 0
43.8 399.028 0 0
43.9 399.028 0 0
44 399.028 0 0
44.1 399.028 0 0
44.2 399.028 0 0
44.3 399.028 0 0
44.4 399.028 0 0
44.5 399.028 0 0
44.6 399.028 0 0
44.7 399.028 0 0
44.8 399.028 0 0
44.9 399.028 0 0
45 399.028 0 0
45.1 399.028 0 0
45.2 399.028 0 0
45.3 399.028 0 0
45.4 399.028 0 0
45.5 399.028 0 0
45.6 399.028 0 0
45.7 399.028 0 0
45.8 399.028 0 0
45.9 399.028 0 0
46 399.028 0 0
46.1 399.028 0 0
46.2 399.028 0 0
46.3 399.028 0 0
46.4 399.028 0 0
46.5 399.028 0 0
46.6 399.028 0 0
46.7 399.028 0 0
46.8 399.028 0 0
46.9 399.028 0 0
47 399.028 0 0
47.1 399.028 0 0
47.2 399.028 0 0
47.3 399.028 0 0
47.4 399.028 0 0
47.5 399.028 0 0
47.6 399.028 0 0
47.7 399.028 0 0
47.8 399.028 0 0
47.9 399.028 0 0
48 399.028 0 0
48.1 399.028 0 0
48.2 399.028 0 0
48.3 399.028 0 0
48.4 399.028 0 0
48.5 399.028 0 0
48.6 399.028 0 0
48.7 399.028 0 0
48.8 399.028 0 0
48.9 399.028 0 0
49 399.028 0 0
49.1 399.028 0 0
49.2 399.028 0 0
49.3 399.028 0 0
49.4 399.028 0 0
49.5 399.028 0 0
49.6 399.028 0 0
49.7 399.028 0 0
49.8 399.028 0 0
49.9 399.028 0 0
50 399.028 0 0
50.1 399.028 0 0
50.2 399.028 0 0
50.3 399.028 0 0
50.4 399.028 0 0
50.5 399.028 0 0
50.6 399.028 0 0
50.7 399.028 0 0
50.8 399.028 0 0
50.9 399.028 0 0
51 399.028 0 0
51.1 399.028 0 0
51.2 399.028 0 0
51.3 399.028 0 0
51.4 399.028 0 0
51.5 399.028 0 0
51.6 399.028 0 0
51.7 399.028 0 0
51.8 399.028 0 0
51.9 399.028 0 0
52 399.028 0 0
52.1 399.028 0 0
52.2 399.028 0 0
52.3 399.028 0 0
52.4 399.028 0 0
52.5 399.028 0 0
52.6 399.028 0 0
52.7 399.028 0 0
52.8 399.028 0 0
52.9 399.028 0 0
53 399.028 0 0
53.1 399.028 0 0
53.2 399.028 0 0
53.3 399.028 0 0
53.4 399.028 0 0
53.5 399.028 0 0
53.6 399.028 0 0
53.7 399.028 0 0
53.8 399.028 0 0
53.9 399.028 0 0
54 399.028 0 0
54.1 399.028 0 0
54.2 399.028 0 0
54.3 399.028 0 0
54.4 399.028 0 0
54.5 399.028 0 0
54.6 399.028 0 0
54.7 399.028 0 0
54.8 399.028 0 0
54.9 399.028 0 0
55 399.028 0 0
55.1 399.028 0 0
55.2 399.028 0 0
55.3 399.028 0 0
55.4 399.028 0 0
55.5 399.028 0 0
55.6 399.028 0 0
55.7 399.028 0 0
55.8 399.028 0 0
55.9 399.028 0 0
56 399.028 0 0
56.1 399.028 0 0
56.2 399.028 0 0
56.3 399.028 0 0
56.4 399.028 0 0
56.5 399.028 0 0
56.6 399.028 0 0
56.7 399.028 0 0
56.8 399.028 0 0
56.9 399.028 0 0
57 399.028 0 0
57.1 399.028 0 0
57.2 399.028 0 0
57.3 399.028 0 0
57.4 399.028 0 0
57.5 399.028 0 0
57.6 399.028 0 0
57.7 399.028 0 0
57.8 399.028 0 0
57.9 399.028 0 0
58 399.028 0 0
58.1 399.028 0 0
58.2 399.028 0 0
58.3 399.028 0 0
58.4 399.028 0 0
58.5 399.028 0 0
58.6 399.028 0 0
58.7 399.028 0 0
58.8 399.028 0 0
58.9 399.028 0 0
59 399.028 0 0
59.1 399.028 0 0
59.2 399.028 0 0
59.3 399.028 0 0
59.4 399.028 0 0
59.5 399.028 0 0
59.6 399.028 0 0
59.7 399.028 0 0
59.8 399.028 0 0
59.9 399.028 0 0
60 399.028 0 0
60.1 399.028 0 0
60.2 399.028 0 0
60.3 399.028 0 0
60.4 399.028 0 0
60.5 399.028 0 0
60.6 399.028 0 0
60.7 399.028 0 0
60.8 399.028 0 0
60.9 399.028 0 0
61 399.028 0 0
61.1 399.028 0 0
61.2 399.028 0 0
61.3 399.028 0 0
61.4 399.028 0 0
61.5 399.028 0 0
61.6 399.028 0 0
61.7 399.028 0 0
61.8 399.028 0 0
61.9 399.028 0 0
62 399.028 0 0
62.1 399.028 0 0
62.2 399.028 0 0
62.3 399.028 0 0
62.4 399.028 0 0
62.5 399.028 0 0
62.6 399.028 0 0
62.7 399.028 0 0
62.8 399.028 0 0
62.9 399.028 0 0
63 399.028 0 0
63.1 399.028 0 0
63.2 399.028 0 0
63.3 399.028 0 0
63.4 399.028 0 0
63.5 399.028 0 0
63.6 399.028 0 0
63.7 399.028 0 0
63.8 399.028 0 0
63.9 399.028 0 0
64 399.028 0 0
64.1 399.028 0 0
64.2 399.028 0 0
64.3 399.028 0 0
64.4 399.028 0 0
64.5 399.028 0 0
64.6 399.028 0 0
64.7 399.028 0 0
64.8 399.028 0 0
64.9 399.028 0 0
65 399.028 0 0
65.1 399.028 0 0
65.2 399.028 0 0
65.3 399.028 0 0
65.4 399.028 0 0
65.5 399.028 0 0
65.6 399.028 0 0
65.7 399.028 0 0
65.8 399.028 0 0
65.9 399.028 0 0
66 399.028 0 0
66.1 399.028 0 0
66.2 399.028 0 0
66.3 399.028 0 0
66.4 399.028 0 0
66.5 399.028 0 0
66.6 399.028 0 0
66.7 399.028 0 0
66.8 399.028 0 0
66.9 399.028 0 0
67 399.028 0 0
67.1 399.028 0 0
67.2 399.028 0 0
67.3 399.028 0 0
67.4 399.028 0 0
67.5 399.028 0 0
67.6 399.028 0 0
67.7 399.028 0 0
67.8 399.028 0 0
67.9 399.028 0 0
68 399.028 0 0
68.1 399.028 0 0
68.2 399.028 0 0
68.3 399.028 0 0
68.4 399.028 0 0
68.5 399.028 0 0
68.6 399.028 0 0
68.7 399.028 0 0
68.8 399.028 0 0
68.9 399.028 0 0
69 399.028 0 0
69.1 399.028 0 0
69.2 399.028 0 0
69.3 399.028 0 0
69.4 399.028 0 0
69.5 399.028 0 0
69.6 399.028 0 0
69.7 399.028 0 0
69.8 399.028 0 0
69.9 399.028 0 0
70 399.028 0 0
70.1 399.028 0 0
70.2 399.028 0 0
70.3 399.028 0 0
70.4 399.028 0 0
70.5 399.028 0 0
70.6 399.028 0 0
70.7 399.028 0 0
70.8 399.028 0 0
70.9 399.028 0 0
71 399.028 0 0
71.1 399.028 0 0
71.2 399.028 0 0
71.3 399.028 0 0
71.4 399.028 0 0
71.5 399.028 0 0
71.6 399.028 0 0
71.7 399.028 0 0
71.8 399.028 0 0
71.9 399.028 0 0
72 399.028 0 0
72.1 399.028 0 0
72.2 399.028 0 0
72.3 399.028 0 0
72.4 399.028 0 0
72.5 399.028 0 0
72.6 399.028 0 0
72.7 399.028 0 0
72.8 399.028 0 0
72.9 399.028 0 0
73 399.028 0 0
73.1 399.028 0 0
73.2 399.028 0 0
73.3 399.028 0 0
73.4 399.028 0 0
73.5 399.028 0 0
73.6 399.028 0 0
73.7 399.028 0 0
73.8 399.028 0 0
73.9 399.028 0 0
74 399.028 0 0
74.1 399.028 0 0
74.2 399.028 0 0
74.3 399.028 0 0
74.4 399.028 0 0
74.5 399.028 0 0
74.6 399.028 0 0
74.7 399.028 0 0
74.8 399.028 0 0
74.9 399.028 0 0
75 399.028 0 0
75.1 399.028 0 0
75.2 399.028 0 0
75.3 399.028 0 0
75.4 399.028 0 0
75.5 399.028 0 0
75.6 399.028 0 0
75.7 399.028 0 0
75.8 399.028 0 0
75.9 399.028 0 0
76 399.028 0 0
76.1 399.028 0 0
76.2 399.028 0 0
76.3 399.028 0 0
76.4 399.028 0 0
76.5 399.028 0 0
76.6 399.028 0 0
76.7 399.028 0 0
76.8 399.028 0 0
76.9 399.028 0 0
77 399.028 0 0
77.1 399.028 0 0
77.2 399.028 0 0
77.3 399.028 0 0
77.4 399.028 0 0
77.5 399.028 0 0
77.6 399.028 0 0
77.7 399.028 0 0
77.8 399.028 0 0
77.9 399.028 0 0
78 399.028 0 0
78.1 399.028 0 0
78.2 399.028 0 0
78.3 399.028 0 0
78.4 399.028 0 0
78.5 399.028 0 0
78.6 399.028 0 0
78.7 399.028 0 0
78.8 399.028 0 0
78.9 399.028 0 0
79 399.028 0 0
79.1 399.028 0 0
79.2 399.028 0 0
79.3 399.028 0 0
79.4 399.028 0 0
79.5 399.028 0 0
79.6 399.028 0 0
79.7 399.028 0 0
79.8 399.028 0 0
79.9 399.028 0 0
80 399.028 0 0
80.1 399.028 0 0
80.2 399.028 0 0
80.3 399.028 0 0
80.4 399.028 0 0
80.5 399.028 0 0
80.6 399.028 0 0
80.7 399.028 0 0
80.8 399.028 0 0
80.9 399.028 0 0
81 399.028 0 0
81.1 399.028 0 0
81.2 399.028 0 0
81.3 399.028 0 0
81.4 399.028 0 0
81.5 399.028 0 0
81.6 399.028 0 0
81.7 399.028 0 0
81.8 399.028 0 0
81.9 399.028 0 0
82 399.028 0 0
82.1 399.028 0 0
82.2 399.028 0 0
82.3 399.028 0 0
82.4 399.028 0 0
82.5 399.028 0 0
82.6 399.028 0 0
82.7 399.028 0 0
82.8 399.028 0 0
82.9 399.028 0 0
83 399.028 0 0
83.1 399.028 0 0
83.2 399.028 0 0
83.3 399.028 0 0
83.4 399.028 0 0
83.5 399.028 0 0
83.6 399.028 0 0
83.7 399.028 0 0
83.8 399.028 0 0
83.9 399.028 0 0
84 399.028 0 0
84.1 399.028 0 0
84.2 399.028 0 0
84.3 399.028 0 0
84.4 399.028 0 0
84.5 399.028 0 0
84.6 399.028 0 0
84.7 399.028 0 0
84.8 399.028 0 0
84.9 399.028 0 0
85 399.028 0 0
85.1 399.028 0 0
85.2 399.028 0 0
85.3 399.028 0 0
85.4 399.028 0 0
85.5 399.028 0 0
85.6 399.028 0 0
85.7 399.028 0 0
85.8 399.028 0 0
85.9 399.028 0 0
86 399.028 0 0
86.1 399.028 0 0
86.2 399.028 0 0
86.3 399.028 0 0
86.4 399.028 0 0
86.5 399.028 0 0
86.6 399.028 0 0
86.7 399.028 0 0
86.8 399.028 0 0
86.9 399.028 0 0
87 399.028 0 0
87.1 399.028 0 0
87.2 399.028 0 0
87.3 399.028 0 0
87.4 399.028 0 0
87.5 399.028 0 0
87.6 399.028 0 0
87.7 399.028 0 0
87.8 399.028 0 0
87.9 399.028 0 0
88 399.028 0 0
88.1 399.028 0 0
88.2 399.028 0 0
88.3 399.028 0 0
88.4 399.028 0 0
88.5 399.028 0 0
88.6 399.028 0 0
88.7 399.028 0 0
88.8 399.028 0 0
88.9 399.028 0 0
89 399.028 0 0
89.1 399.028 0 0
89.2 399.028 0 0
89.3 399.028 0 0
89.4 399.028 0 0
89.5 399.028 0 0
89.6 399.028 0 0
89.7 399.028 0 0
89.8 399.028 0 0
89.9 399.028 0 0
90 399.028 0 0
90.1 399.028 0 0
90.2 399.028 0 0
90.3 399.028 0 0
90.4 399.028 0 0
90.5 399.028 0 0
90.6 399.028 0 0
90.7 399.028 0 0
90.8 399.028 0 0
90.9 399.028 0 0
91 399.028 0 0
91.1 399.028 0 0
91.2 399.028 0 0
91.3 399.028 0 0
91.4 399.028 0 0
91.5 399.028 0 0
91.6 399.028 0 0
91.7 399.028 0 0
91.8 399.028 0 0
91.9 399.028 0 0
92 399.028 0 0
92.1 399.028 0 0
92.2 399.028 0 0
92.3 399.028 0 0
92.4 399.028 0 0
92.5 399.028 0 0
92.6 399.028 0 0
92.7 399.028 0 0
92.8 399.028 0 0
92.9 399.028 0 0
93 399.028 0 0
93.1 399.028 0 0
93.2 399.028 0 0
93.3 399.028 0 0
93.4 399.028 0 0
93.5 399.028 0 0
93.6 399.028 0 0
93.7 399.028 0 0
93.8 399.028 0 0
93.9 399.028 0 0
94 399.028 0 0
94.1 399.028 0 0
94.2 399.028 0 0
94.3 399.028 0 0
94.4 399.028 0 0
94.5 399.028 0 0
94.6 399.028 0 0
94.7 399.028 0 0
94.8 399.028 0 0
94.9 399.028 0 0
95 399.028 0 0
95.1 399.028 0 0
95.2 399.028 0 0
95.3 399.028 0 0
95.4 399.028 0 0
95.5 399.028 0 0
95.6 399.028 0 0
95.7 399.028 0 0
95.8 399.028 0 0
95.9 399.028 0 0
96 399.028 0 0
96.1 399.028 0 0
96.2 399.028 0 0
96.3 399.028 0 0
96.4 399.028 0 0
96.5 399.028 0 0
96.6 399.028 0 0
96.7 399.028 0 0
96.8 399.028 0 0
96.9 399.028 0 0
97 399.028 0 0
97.1 399.028 0 0
97.2 399.028 0 0
97.3 399.028 0 0
97.4 399.028 0 0
97.5 399.028 0 0
97.6 399.028 0 0
97.7 399.028 0 0
97.8 399.028 0 0
97.9 399.028 0 0
98 399.028 0 0
98.1 399.028 0 0
98.2 399.028 0 0
98.3 399.028 0 0
98.4 399.028 0 0
98.5 399.028 0 0
98.6 399.028 0 0
98.7 399.028 0 0
98.8 399.028 0 0
98.9 399.028 0 0
99 399.028 0 0
99.1 399.028 0 0
99.2 399.028 0 0
99.3 399.028 0 0
99.4 399.028 0 0
99.5 399.028 0 0
99.6 399.028 0 0
99.7 399.028 0 0
99.8 399.028 0 0
99.9 399.028 0 0
100 399.028 0 0
-----------------------------------------
