A
t S I R
0 300 100 0
0.1 270 119.032 10
0.2 238.361 138.289 21.4032
0.3 206.469 156.497 34.162
0.4 175.865 172.353 48.1036
0.5 147.959 184.796 62.9338
0.6 123.764 193.23 78.2668
0.7 103.762 197.6 93.6765
0.8 87.9424 198.308 108.753
0.9 75.9404 196.032 123.146
1 67.2109 191.544 136.592
1.1 61.1667 185.567 148.916
1.2 57.262 178.71 160.027
1.3 55.0301 171.441 169.897
1.4 54.0905 164.105 178.546
1.5 54.1413 156.935 186.029
1.6 54.9461 150.086 192.421
1.7 56.3205 143.652 197.809
1.8 58.1205 137.68 202.284
1.9 60.2326 132.193 205.938
2 62.5671 127.191 208.86
2.1 65.0522 122.66 211.136
2.2 67.6297 118.581 212.845
2.3 70.2524 114.928 214.061
2.4 72.8815 111.674 214.851
2.5 75.485 108.792 215.276
2.6 78.0366 106.254 215.391
2.7 80.5144 104.034 215.247
2.8 82.9006 102.104 214.888
2.9 85.1805 100.443 214.354
3 87.3424 99.0265 213.681
3.1 89.3772 97.8337 212.899
3.2 91.2781 96.8447 212.038
3.3 93.0402 96.0409 211.12
3.4 94.6605 95.4048 210.168
3.5 96.1379 94.92 209.2
3.6 97.4725 94.5711 208.232
3.7 98.666 94.3437 207.278
3.8 99.7214 94.2239 206.348
3.9 100.643 94.1989 205.453
4 101.435 94.2565 204.601
4.1 102.104 94.3852 203.796
4.2 102.657 94.5742 203.045
4.3 103.1 94.8133 202.35
4.4 103.443 95.0931 201.714
4.5 103.692 95.4046 201.137
4.6 103.856 95.7397 200.621
4.7 103.944 96.091 200.164
4.8 103.964 96.4516 199.765
4.9 103.925 96.8155 199.422
5 103.834 97.1771 199.132
5.1 103.7 97.5316 198.893
5.2 103.531 97.8751 198.702
5.3 103.333 98.204 198.554
5.4 103.113 98.5154 198.447
5.5 102.877 98.8073 198.376
5.6 102.631 99.0778 198.338
5.7 102.379 99.3259 198.329
5.8 102.127 99.5508 198.345
5.9 101.877 99.7523 198.383
6 101.634 99.9305 198.439
6.1 101.4 100.086 198.51
6.2 101.176 100.219 198.593
6.3 100.966 100.331 198.685
6.4 100.77 100.424 198.784
6.5 100.59 100.497 198.887
6.6 100.425 100.554 198.993
6.7 100.277 100.594 199.099
6.8 100.144 100.621 199.203
6.9 100.028 100.635 199.305
7 99.9269 100.637 199.403
7.1 99.8407 100.63 199.497
7.2 99.7685 100.615 199.585
7.3 99.7096 100.593 199.667
7.4 99.6628 100.565 199.743
7.5 99.6274 100.533 199.813
7.6 99.6022 100.497 199.875
7.7 99.5862 100.459 199.931
7.8 99.5784 100.42 199.981
7.9 99.5778 100.379 200.024
8 99.5834 100.339 200.06
8.1 99.5943 100.299 200.091
8.2 99.6096 100.261 200.117
8.3 99.6285 100.223 200.137
8.4 99.6503 100.188 200.152
8.5 99.6741 100.155 200.163
8.6 99.6995 100.123 200.171
8.7 99.7258 100.095 200.175
8.8 99.7525 100.069 200.175
8.9 99.7791 100.045 200.173
9 99.8054 100.024 200.169
9.1 99.8309 100.006 200.163
9.2 99.8554 99.9895 200.156
9.3 99.8787 99.9758 200.147
9.4 99.9006 99.9642 200.137
9.5 99.9209 99.9548 200.127
9.6 99.9397 99.9472 200.116
9.7 99.9568 99.9415 200.105
9.8 99.9722 99.9374 200.094
9.9 99.9859 99.9348 200.083
10 99.998 99.9334 200.072
10.1 100.008 99.9332 200.062
10.2 100.017 99.934 200.052
10.3 100.025 99.9357 200.043
10.4 100.031 99.938 200.034
10.5 100.036 99.941 200.026
10.6 100.039 99.9444 200.019
10.7 100.042 99.9481 200.013
10.8 100.044 99.9521 200.007
10.9 100.044 99.9563 200.002
11 100.044 99.9605 199.997
11.1 100.044 99.9647 199.993
11.2 100.043 99.9689 199.99
11.3 100.041 99.9729 199.988
11.4 100.039 99.9768 199.985
11.5 100.037 99.9805 199.984
11.6 100.034 99.984 199.983
11.7 100.031 99.9872 199.982
11.8 100.029 99.9902 199.982
11.9 100.026 99.993 199.982
12 100.023 99.9954 199.982
12.1 100.02 99.9976 199.982
12.2 100.018 99.9995 199.983
12.3 100.015 100.001 199.984
12.4 100.013 100.003 199.985
12.5 100.01 100.004 199.986
12.6 100.008 100.005 199.987
12.7 100.006 100.006 199.988
12.8 100.004 100.006 199.989
12.9 100.003 100.007 199.99
13 100.001 100.007 199.991
13.1 100 100.007 199.992
13.2 99.999 100.007 199.994
13.3 99.9981 100.007 199.995
13.4 99.9973 100.007 199.996
13.5 99.9967 100.007 199.996
13.6 99.9962 100.006 199.997
13.7 99.9958 100.006 199.998
13.8 99.9956 100.005 199.999
13.9 99.9954 100.005 199.999
14 99.9953 100.005 200
14.1 99.9953 100.004 200
14.2 99.9954 100.004 200.001
14.3 99.9955 100.003 200.001
14.4 99.9957 100.003 200.001
14.5 99.9959 100.002 200.002
14.6 99.9962 100.002 200.002
14.7 99.9964 100.002 200.002
14.8 99.9967 100.001 200.002
14.9 99.997 100.001 200.002
15 99.9973 100.001 200.002
15.1 99.9976 100 200.002
15.2 99.9979 100 200.002
15.3 99.9982 100 200.002
15.4 99.9984 99.9999 200.002
15.5 99.9987 99.9997 200.002
15.6 99.9989 99.9996 200.002
15.7 99.9992 99.9995 200.001
15.8 99.9994 99.9994 200.001
15.9 99.9995 99.9993 200.001
16 99.9997 99.9993 200.001
16.1 99.9999 99.9993 200.001
16.2 100 99.9993 200.001
16.3 100 99.9993 200.001
16.4 100 99.9993 200.001
16.5 100 99.9993 200
16.6 100 99.9993 200
16.7 100 99.9994 200
16.8 100 99.9994 200
16.9 100 99.9994 200
17 100 99.9995 200
17.1 100 99.9995 200
17.2 100 99.9996 200
17.3 100 99.9996 200
17.4 100 99.9997 200
17.5 100 99.9997 200
17.6 100 99.9997 200
17.7 100 99.9998 200
17.8 100 99.9998 200
17.9 100 99.9999 200
18 100 99.9999 200
18.1 100 99.9999 200
18.2 100 100 200
18.3 100 100 200
18.4 100 100 200
18.5 100 100 200
18.6 100 100 200
18.7 100 100 200
18.8 100 100 200
18.9 100 100 200
19 100 100 200
19.1 100 100 200
19.2 100 100 200
19.3 100 100 200
19.4 100 100 200
19.5 100 100 200
19.6 100 100 200
19.7 100 100 200
19.8 100 100 200
19.9 100 100 200
20 100 100 200
20.1 99.9999 100 200
20.2 99.9999 100 200
20.3 99.9999 100 200
20.4 99.9999 100 200
20.5 100 100 200
20.6 100 100 200
20.7 100 100 200
20.8 100 100 200
20.9 100 100 200
21 100 100 200
21.1 100 100 200
21.2 100 100 200
21.3 100 100 200
21.4 100 100 200
21.5 100 100 200
21.6 100 100 200
21.7 100 100 200
21.8 100 100 200
21.9 100 100 200
22 100 100 200
22.1 100 100 200
22.2 100 100 200
22.3 100 100 200
22.4 100 100 200
22.5 100 100 200
22.6 100 100 200
22.7 100 100 200
22.8 100 100 200
22.9 100 100 200
23 100 100 200
23.1 100 100 200
23.2 100 100 200
23.3 100 100 200
23.4 100 100 200
23.5 100 100 200
23.6 100 100 200
23.7 100 100 200
23.8 100 100 200
23.9 100 100 200
24 100 100 200
24.1 100 100 200
24.2 100 100 200
24.3 100 100 200
24.4 100 100 200
24.5 100 100 200
24.6 100 100 200
24.7 100 100 200
24.8 100 100 200
24.9 100 100 200
25 100 100 200
25.1 100 100 200
25.2 100 100 200
25.3 100 100 200
25.4 100 100 200
25.5 100 100 200
25.6 100 100 200
25.7 100 100 200
25.8 100 100 200
25.9 100 100 200
26 100 100 200
26.1 100 100 200
26.2 100 100 200
26.3 100 100 200
26.4 100 100 200
26.5 100 100 200
26.6 100 100 200
26.7 100 100 200
26.8 100 100 200
26.9 100 100 200
27 100 100 200
27.1 100 100 200
27.2 100 100 200
27.3 100 100 200
27.4 100 100 200
27.5 100 100 200
27.6 100 100 200
27.7 100 100 200
27.8 100 100 200
27.9 100 100 200
28 100 100 200
28.1 100 100 200
28.2 100 100 200
28.3 100 100 200
28.4 100 100 200
28.5 100 100 200
28.6 100 100 200
28.7 100 100 200
28.8 100 100 200
28.9 100 100 200
29 100 100 200
29.1 100 100 200
29.2 100 100 200
29.3 100 100 200
29.4 100 100 200
29.5 100 100 200
29.6 100 100 200
29.7 100 100 200
29.8 100 100 200
29.9 100 100 200
30 100 100 200
30.1 100 100 200
30.2 100 100 200
30.3 100 100 200
30.4 100 100 200
30.5 100 100 200
30.6 100 100 200
30.7 100 100 200
30.8 100 100 200
30.9 100 100 200
31 100 100 200
31.1 100 100 200
31.2 100 100 200
31.3 100 100 200
31.4 100 100 200
31.5 100 100 200
31.6 100 100 200
31.7 100 100 200
31.8 100 100 200
31.9 100 100 200
32 100 100 200
32.1 100 100 200
32.2 100 100 200
32.3 100 100 200
32.4 100 100 200
32.5 100 100 200
32.6 100 100 200
32.7 100 100 200
32.8 100 100 200
32.9 100 100 200
33 100 100 200
33.1 100 100 200
33.2 100 100 200
33.3 100 100 200
33.4 100 100 200
33.5 100 100 200
33.6 100 100 200
33.7 100 100 200
33.8 100 100 200
33.9 100 100 200
34 100 100 200
34.1 100 100 200
34.2 100 100 200
34.3 100 100 200
34.4 100 100 200
34.5 100 100 200
34.6 100 100 200
34.7 100 100 200
34.8 100 100 200
34.9 100 100 200
35 100 100 200
35.1 100 100 200
35.2 100 100 200
35.3 100 100 200
35.4 100 100 200
35.5 100 100 200
35.6 100 100 200
35.7 100 100 200
35.8 100 100 200
35.9 100 100 200
36 100 100 200
36.1 100 100 200
36.2 100 100 200
36.3 100 100 200
36.4 100 100 200
36.5 100 100 200
36.6 100 100 200
36.7 100 100 200
36.8 100 100 200
36.9 100 100 200
37 100 100 200
37.1 100 100 200
37.2 100 100 200
37.3 100 100 200
37.4 100 100 200
37.5 100 100 200
37.6 100 100 200
37.7 100 100 200
37.8 100 100 200
37.9 100 100 200
38 100 100 200
38.1 100 100 200
38.2 100 100 200
38.3 100 100 200
38.4 100 100 200
38.5 100 100 200
38.6 100 100 200
38.7 100 100 200
38.8 100 100 200
38.9 100 100 200
39 100 100 200
39.1 100 100 200
39.2 100 100 200
39.3 100 100 200
39.4 100 100 200
39.5 100 100 200
39.6 100 100 200
39.7 100 100 200
39.8 100 100 200
39.9 100 100 200
40 100 100 200
40.1 100 100 200
40.2 100 100 200
40.3 100 100 200
40.4 100 100 200
40.5 100 100 200
40.6 100 100 200
40.7 100 100 200
40.8 100 100 200
40.9 100 100 200
41 100 100 200
41.1 100 100 200
41.2 100 100 200
41.3 100 100 200
41.4 100 100 200
41.5 100 100 200
41.6 100 100 200
41.7 100 100 200
41.8 100 100 200
41.9 100 100 200
42 100 100 200
42.1 100 100 200
42.2 100 100 200
42.3 100 100 200
42.4 100 100 200
42.5 100 100 200
42.6 100 100 200
42.7 100 100 200
42.8 100 100 200
42.9 100 100 200
43 100 100 200
43.1 100 100 200
43.2 100 100 200
43.3 100 100 200
43.4 100 100 200
43.5 100 100 200
43.6 100 100 200
43.7 100 100 200
43.8 100 100 200
43.9 100 100 200
44 100 100 200
44.1 100 100 200
44.2 100 100 200
44.3 100 100 200
44.4 100 100 200
44.5 100 100 200
44.6 100 100 200
44.7 100 100 200
44.8 100 100 200
44.9 100 100 200
45 100 100 200
45.1 100 100 200
45.2 100 100 200
45.3 100 100 200
45.4 100 100 200
45.5 100 100 200
45.6 100 100 200
45.7 100 100 200
45.8 100 100 200
45.9 100 100 200
46 100 100 200
46.1 100 100 200
46.2 100 100 200
46.3 100 100 200
46.4 100 100 200
46.5 100 100 200
46.6 100 100 200
46.7 100 100 200
46.8 100 100 200
46.9 100 100 200
47 100 100 200
47.1 100 100 200
47.2 100 100 200
47.3 100 100 200
47.4 100 100 200
47.5 100 100 200
47.6 100 100 200
47.7 100 100 200
47.8 100 100 200
47.9 100 100 200
48 100 100 200
48.1 100 100 200
48.2 100 100 200
48.3 100 100 200
48.4 100 100 200
48.5 100 100 200
48.6 100 100 200
48.7 100 100 200
48.8 100 100 200
48.9 100 100 200
49 100 100 200
49.1 100 100 200
49.2 100 100 200
49.3 100 100 200
49.4 100 100 200
49.5 100 100 200
49.6 100 100 200
49.7 100 100 200
49.8 100 100 200
49.9 100 100 200
50 100 100 200
50.1 100 100 200
50.2 100 100 200
50.3 100 100 200
50.4 100 100 200
50.5 100 100 200
50.6 100 100 200
50.7 100 100 200
50.8 100 100 200
50.9 100 100 200
51 100 100 200
51.1 100 100 200
51.2 100 100 200
51.3 100 100 200
51.4 100 100 200
51.5 100 100 200
51.6 100 100 200
51.7 100 100 200
51.8 100 100 200
51.9 100 100 200
52 100 100 200
52.1 100 100 200
52.2 100 100 200
52.3 100 100 200
52.4 100 100 200
52.5 100 100 200
52.6 100 100 200
52.7 100 100 200
52.8 100 100 200
52.9 100 100 200
53 100 100 200
53.1 100 100 200
53.2 100 100 200
53.3 100 100 200
53.4 100 100 200
53.5 100 100 200
53.6 100 100 200
53.7 100 100 200
53.8 100 100 200
53.9 100 100 200
54 100 100 200
54.1 100 100 200
54.2 100 100 200
54.3 100 100 200
54.4 100 100 200
54.5 100 100 200
54.6 100 100 200
54.7 100 100 200
54.8 100 100 200
54.9 100 100 200
55 100 100 200
55.1 100 100 200
55.2 100 100 200
55.3 100 100 200
55.4 100 100 200
55.5 100 100 200
55.6 100 100 200
55.7 100 100 200
55.8 100 100 200
55.9 100 100 200
56 100 100 200
56.1 100 100 200
56.2 100 100 200
56.3 100 100 200
56.4 100 100 200
56.5 100 100 200
56.6 100 100 200
56.7 100 100 200
56.8 100 100 200
56.9 100 100 200
57 100 100 200
57.1 100 100 200
57.2 100 100 200
57.3 100 100 200
57.4 100 100 200
57.5 100 100 200
57.6 100 100 200
57.7 100 100 200
57.8 100 100 200
57.9 100 100 200
58 100 100 200
58.1 100 100 200
58.2 100 100 200
58.3 100 100 200
58.4 100 100 200
58.5 100 100 200
58.6 100 100 200
58.7 100 100 200
58.8 100 100 200
58.9 100 100 200
59 100 100 200
59.1 100 100 200
59.2 100 100 200
59.3 100 100 200
59.4 100 100 200
59.5 100 100 200
59.6 100 100 200
59.7 100 100 200
59.8 100 100 200
59.9 100 100 200
60 100 100 200
60.1 100 100 200
60.2 100 100 200
60.3 100 100 200
60.4 100 100 200
60.5 100 100 200
60.6 100 100 200
60.7 100 100 200
60.8 100 100 200
60.9 100 100 200
61 100 100 200
61.1 100 100 200
61.2 100 100 200
61.3 100 100 200
61.4 100 100 200
61.5 100 100 200
61.6 100 100 200
61.7 100 100 200
61.8 100 100 200
61.9 100 100 200
62 100 100 200
62.1 100 100 200
62.2 100 100 200
62.3 100 100 200
62.4 100 100 200
62.5 100 100 200
62.6 100 100 200
62.7 100 100 200
62.8 100 100 200
62.9 100 100 200
63 100 100 200
63.1 100 100 200
63.2 100 100 200
63.3 100 100 200
63.4 100 100 200
63.5 100 100 200
63.6 100 100 200
63.7 100 100 200
63.8 100 100 200
63.9 100 100 200
64 100 100 200
64.1 100 100 200
64.2 100 100 200
64.3 100 100 200
64.4 100 100 200
64.5 100 100 200
64.6 100 100 200
64.7 100 100 200
64.8 100 100 200
64.9 100 100 200
65 100 100 200
65.1 100 100 200
65.2 100 100 200
65.3 100 100 200
65.4 100 100 200
65.5 100 100 200
65.6 100 100 200
65.7 100 100 200
65.8 100 100 200
65.9 100 100 200
66 100 100 200
66.1 100 100 200
66.2 100 100 200
66.3 100 100 200
66.4 100 100 200
66.5 100 100 200
66.6 100 100 200
66.7 100 100 200
66.8 100 100 200
66.9 100 100 200
67 100 100 200
67.1 100 100 200
67.2 100 100 200
67.3 100 100 200
67.4 100 100 200
67.5 100 100 200
67.6 100 100 200
67.7 100 100 200
67.8 100 100 200
67.9 100 100 200
68 100 100 200
68.1 100 100 200
68.2 100 100 200
68.3 100 100 200
68.4 100 100 200
68.5 100 100 200
68.6 100 100 200
68.7 100 100 200
68.8 100 100 200
68.9 100 100 200
69 100 100 200
69.1 100 100 200
69.2 100 100 200
69.3 100 100 200
69.4 100 100 200
69.5 100 100 200
69.6 100 100 200
69.7 100 100 200
69.8 100 100 200
69.9 100 100 200
70 100 100 200
70.1 100 100 200
70.2 100 100 200
70.3 100 100 200
70.4 100 100 200
70.5 100 100 200
70.6 100 100 200
70.7 100 100 200
70.8 100 100 200
70.9 100 100 200
71 100 100 200
71.1 100 100 200
71.2 100 100 200
71.3 100 100 200
71.4 100 100 200
71.5 100 100 200
71.6 100 100 200
71.7 100 100 200
71.8 100 100 200
71.9 100 100 200
72 100 100 200
72.1 100 100 200
72.2 100 100 200
72.3 100 100 200
72.4 100 100 200
72.5 100 100 200
72.6 100 100 200
72.7 100 100 200
72.8 100 100 200
72.9 100 100 200
73 100 100 200
73.1 100 100 200
73.2 100 100 200
73.3 100 100 200
73.4 100 100 200
73.5 100 100 200
73.6 100 100 200
73.7 100 100 200
73.8 100 100 200
73.9 100 100 200
74 100 100 200
74.1 100 100 200
74.2 100 100 200
74.3 100 100 200
74.4 100 100 200
74.5 100 100 200
74.6 100 100 200
74.7 100 100 200
74.8 100 100 200
74.9 100 100 200
75 100 100 200
75.1 100 100 200
75.2 100 100 200
75.3 100 100 200
75.4 100 100 200
75.5 100 100 200
75.6 100 100 200
75.7 100 100 200
75.8 100 100 200
75.9 100 100 200
76 100 100 200
76.1 100 100 200
76.2 100 100 200
76.3 100 100 200
76.4 100 100 200
76.5 100 100 200
76.6 100 100 200
76.7 100 100 200
76.8 100 100 200
76.9 100 100 200
77 100 100 200
77.1 100 100 200
77.2 100 100 200
77.3 100 100 200
77.4 100 100 200
77.5 100 100 200
77.6 100 100 200
77.7 100 100 200
77.8 100 100 200
77.9 100 100 200
78 100 100 200
78.1 100 100 200
78.2 100 100 200
78.3 100 100 200
78.4 100 100 200
78.5 100 100 200
78.6 100 100 200
78.7 100 100 200
78.8 100 100 200
78.9 100 100 200
79 100 100 200
79.1 100 100 200
79.2 100 100 200
79.3 100 100 200
79.4 100 100 200
79.5 100 100 200
79.6 100 100 200
79.7 100 100 200
79.8 100 100 200
79.9 100 100 200
80 100 100 200
80.1 100 100 200
80.2 100 100 200
80.3 100 100 200
80.4 100 100 200
80.5 100 100 200
80.6 100 100 200
80.7 100 100 200
80.8 100 100 200
80.9 100 100 200
81 100 100 200
81.1 100 100 200
81.2 100 100 200
81.3 100 100 200
81.4 100 100 200
81.5 100 100 200
81.6 100 100 200
81.7 100 100 200
81.8 100 100 200
81.9 100 100 200
82 100 100 200
82.1 100 100 200
82.2 100 100 200
82.3 100 100 200
82.4 100 100 200
82.5 100 100 200
82.6 100 100 200
82.7 100 100 200
82.8 100 100 200
82.9 100 100 200
83 100 100 200
83.1 100 100 200
83.2 100 100 200
83.3 100 100 200
83.4 100 100 200
83.5 100 100 200
83.6 100 100 200
83.7 100 100 200
83.8 100 100 200
83.9 100 100 200
84 100 100 200
84.1 100 100 200
84.2 100 100 200
84.3 100 100 200
84.4 100 100 200
84.5 100 100 200
84.6 100 100 200
84.7 100 100 200
84.8 100 100 200
84.9 100 100 200
85 100 100 200
85.1 100 100 200
85.2 100 100 200
85.3 100 100 200
85.4 100 100 200
85.5 100 100 200
85.6 100 100 200
85.7 100 100 200
85.8 100 100 200
85.9 100 100 200
86 100 100 200
86.1 100 100 200
86.2 100 100 200
86.3 100 100 200
86.4 100 100 200
86.5 100 100 200
86.6 100 100 200
86.7 100 100 200
86.8 100 100 200
86.9 100 100 200
87 100 100 200
87.1 100 100 200
87.2 100 100 200
87.3 100 100 200
87.4 100 100 200
87.5 100 100 200
87.6 100 100 200
87.7 100 100 200
87.8 100 100 200
87.9 100 100 200
88 100 100 200
88.1 100 100 200
88.2 100 100 200
88.3 100 100 200
88.4 100 100 200
88.5 100 100 200
88.6 100 100 200
88.7 100 100 200
88.8 100 100 200
88.9 100 100 200
89 100 100 200
89.1 100 100 200
89.2 100 100 200
89.3 100 100 200
89.4 100 100 200
89.5 100 100 200
89.6 100 100 200
89.7 100 100 200
89.8 100 100 200
89.9 100 100 200
90 100 100 200
90.1 100 100 200
90.2 100 100 200
90.3 100 100 200
90.4 100 100 200
90.5 100 100 200
90.6 100 100 200
90.7 100 100 200
90.8 100 100 200
90.9 100 100 200
91 100 100 200
91.1 100 100 200
91.2 100 100 200
91.3 100 100 200
91.4 100 100 200
91.5 100 100 200
91.6 100 100 200
91.7 100 100 200
91.8 100 100 200
91.9 100 100 200
92 100 100 200
92.1 100 100 200
92.2 100 100 200
92.3 100 100 200
92.4 100 100 200
92.5 100 100 200
92.6 100 100 200
92.7 100 100 200
92.8 100 100 200
92.9 100 100 200
93 100 100 200
93.1 100 100 200
93.2 100 100 200
93.3 100 100 200
93.4 100 100 200
93.5 100 100 200
93.6 100 100 200
93.7 100 100 200
93.8 100 100 200
93.9 100 100 200
94 100 100 200
94.1 100 100 200
94.2 100 100 200
94.3 100 100 200
94.4 100 100 200
94.5 100 100 200
94.6 100 100 200
94.7 100 100 200
94.8 100 100 200
94.9 100 100 200
95 100 100 200
95.1 100 100 200
95.2 100 100 200
95.3 100 100 200
95.4 100 100 200
95.5 100 100 200
95.6 100 100 200
95.7 100 100 200
95.8 100 100 200
95.9 100 100 200
96 100 100 200
96.1 100 100 200
96.2 100 100 200
96.3 100 100 200
96.4 100 100 200
96.5 100 100 200
96.6 100 100 200
96.7 100 100 200
96.8 100 100 200
96.9 100 100 200
97 100 100 200
97.1 100 100 200
97.2 100 100 200
97.3 100 100 200
97.4 100 100 200
97.5 100 100 200
97.6 100 100 200
97.7 100 100 200
97.8 100 100 200
97.9 100 100 200
98 100 100 200
98.1 100 100 200
98.2 100 100 200
98.3 100 100 200
98.4 100 100 200
98.5 100 100 200
98.6 100 100 200
98.7 100 100 200
98.8 100 100 200
98.9 100 100 200
99 100 100 200
99.1 100 100 200
99.2 100 100 200
99.3 100 100 200
99.4 100 100 200
99.5 100 100 200
99.6 100 100 200
99.7 100 100 200
99.8 100 100 200
99.9 100 100 200
100 100 100 200
-----------------------------------------
B
t S I R
0 300 100 0
0.1 270 109.063 20
0.2 241.553 115.983 40.8127
0.3 215.578 120.351 61.9686
0.4 192.731 122.05 82.9403
0.5 173.355 121.246 103.203
0.6 157.497 118.318 122.292
0.7 144.977 113.76 139.841
0.8 135.476 108.087 155.601
0.9 128.613 101.766 169.438
1 123.997 95.1816 181.32
1.1 121.26 88.6251 191.29
1.2 120.078 82.3004 199.451
1.3 120.168 76.3389 205.938
1.4 121.292 70.8155 210.909
1.5 123.248 65.7638 214.527
1.6 125.869 61.1891 216.953
1.7 129.015 57.0779 218.343
1.8 132.568 53.4057 218.842
1.9 136.43 50.1418 218.581
2 140.518 47.2529 217.68
2.1 144.762 44.7054 216.247
2.2 149.103 42.4673 214.375
2.3 153.49 40.5083 212.15
2.4 157.88 38.8008 209.644
2.5 162.236 37.3195 206.922
2.6 166.528 36.0422 204.04
2.7 170.728 34.9488 201.046
2.8 174.813 34.0216 197.984
2.9 178.765 33.245 194.889
3 182.566 32.6051 191.794
3.1 186.203 32.0899 188.725
3.2 189.664 31.6887 185.707
3.3 192.94 31.3918 182.759
3.4 196.021 31.191 179.899
3.5 198.902 31.0785 177.143
3.6 201.577 31.0475 174.501
3.7 204.044 31.0919 171.986
3.8 206.299 31.2059 169.605
3.9 208.342 31.384 167.366
4 210.171 31.6213 165.274
4.1 211.789 31.9128 163.335
4.2 213.197 32.2538 161.551
4.3 214.398 32.6396 159.924
4.4 215.396 33.0655 158.456
4.5 216.197 33.5269 157.146
4.6 216.806 34.0191 155.994
4.7 217.23 34.5372 154.998
4.8 217.477 35.0766 154.156
4.9 217.557 35.6322 153.463
5 217.478 36.1992 152.916
5.1 217.251 36.7726 152.51
5.2 216.888 37.3476 152.239
5.3 216.4 37.9192 152.097
5.4 215.799 38.4828 152.076
5.5 215.098 39.0339 152.169
5.6 214.31 39.568 152.367
5.7 213.449 40.0812 152.662
5.8 212.527 40.5698 153.045
5.9 211.557 41.0304 153.507
6 210.552 41.4601 154.038
6.1 209.524 41.8566 154.628
6.2 208.486 42.2179 155.268
6.3 207.447 42.5426 155.948
6.4 206.419 42.8298 156.659
6.5 205.411 43.079 157.392
6.6 204.432 43.2903 158.138
6.7 203.489 43.4642 158.89
6.8 202.589 43.6016 159.638
6.9 201.738 43.7039 160.376
7 200.94 43.7728 161.098
7.1 200.199 43.81 161.798
7.2 199.518 43.8179 162.47
7.3 198.899 43.7988 163.11
7.4 198.343 43.7551 163.714
7.5 197.85 43.6894 164.28
7.6 197.42 43.6043 164.804
7.7 197.052 43.5024 165.284
7.8 196.744 43.3861 165.721
7.9 196.494 43.2581 166.112
8 196.3 43.1207 166.458
8.1 196.158 42.9761 166.759
8.2 196.066 42.8264 167.016
8.3 196.02 42.6737 167.231
8.4 196.017 42.5198 167.404
8.5 196.052 42.3663 167.538
8.6 196.123 42.2147 167.634
8.7 196.226 42.0664 167.695
8.8 196.356 41.9225 167.724
8.9 196.51 41.784 167.722
9 196.685 41.6518 167.693
9.1 196.878 41.5267 167.639
9.2 197.084 41.4092 167.562
9.3 197.301 41.2998 167.466
9.4 197.526 41.1987 167.352
9.5 197.756 41.1064 167.224
9.6 197.988 41.0227 167.085
9.7 198.22 40.9479 166.935
9.8 198.45 40.8819 166.778
9.9 198.676 40.8244 166.615
10 198.896 40.7755 166.449
10.1 199.108 40.7346 166.282
10.2 199.312 40.7017 166.115
10.3 199.505 40.6763 165.949
10.4 199.688 40.6581 165.787
10.5 199.858 40.6466 165.629
10.6 200.016 40.6413 165.477
10.7 200.161 40.6419 165.332
10.8 200.293 40.6479 165.193
10.9 200.411 40.6586 165.063
11 200.515 40.6738 164.942
11.1 200.607 40.6928 164.83
11.2 200.685 40.7152 164.727
11.3 200.75 40.7404 164.633
11.4 200.803 40.7681 164.55
11.5 200.845 40.7978 164.476
11.6 200.874 40.8291 164.412
11.7 200.893 40.8614 164.357
11.8 200.902 40.8945 164.311
11.9 200.902 40.928 164.275
12 200.893 40.9614 164.247
12.1 200.877 40.9946 164.227
12.2 200.853 41.0272 164.214
12.3 200.824 41.0589 164.209
12.4 200.788 41.0896 164.21
12.5 200.749 41.1189 164.218
12.6 200.705 41.1468 164.23
12.7 200.658 41.1731 164.248
12.8 200.609 41.1977 164.271
12.9 200.558 41.2204 164.297
13 200.505 41.2412 164.326
13.1 200.453 41.2601 164.358
13.2 200.4 41.2771 164.392
13.3 200.348 41.292 164.428
13.4 200.296 41.305 164.465
13.5 200.246 41.3161 164.502
13.6 200.198 41.3253 164.541
13.7 200.152 41.3327 164.579
13.8 200.108 41.3384 164.616
13.9 200.066 41.3425 164.653
14 200.028 41.345 164.689
14.1 199.992 41.346 164.724
14.2 199.959 41.3457 164.757
14.3 199.93 41.3442 164.788
14.4 199.903 41.3416 164.817
14.5 199.88 41.3379 164.845
14.6 199.859 41.3334 164.87
14.7 199.842 41.3282 164.893
14.8 199.828 41.3223 164.914
14.9 199.816 41.3158 164.933
15 199.807 41.3089 164.95
15.1 199.801 41.3017 164.964
15.2 199.797 41.2942 164.976
15.3 199.795 41.2866 164.986
15.4 199.796 41.279 164.994
15.5 199.798 41.2713 165
15.6 199.802 41.2638 165.004
15.7 199.808 41.2564 165.007
15.8 199.815 41.2492 165.008
15.9 199.823 41.2422 165.007
16 199.832 41.2356 165.005
16.1 199.842 41.2294 165.002
16.2 199.853 41.2235 164.998
16.3 199.864 41.218 164.993
16.4 199.876 41.2129 164.987
16.5 199.888 41.2082 164.98
16.6 199.9 41.2041 164.973
16.7 199.912 41.2003 164.965
16.8 199.923 41.197 164.957
16.9 199.935 41.1942 164.948
17 199.946 41.1917 164.94
17.1 199.957 41.1897 164.931
17.2 199.968 41.1881 164.922
17.3 199.977 41.1869 164.914
17.4 199.987 41.1861 164.906
17.5 199.995 41.1856 164.898
17.6 200.003 41.1854 164.89
17.7 200.01 41.1855 164.882
17.8 200.017 41.1859 164.875
17.9 200.023 41.1865 164.869
18 200.028 41.1874 164.863
18.1 200.033 41.1884 164.857
18.2 200.036 41.1897 164.852
18.3 200.04 41.191 164.847
18.4 200.042 41.1925 164.843
18.5 200.044 41.1941 164.839
18.6 200.045 41.1957 164.836
18.7 200.046 41.1974 164.834
18.8 200.046 41.1991 164.831
18.9 200.046 41.2009 164.83
19 200.046 41.2026 164.828
19.1 200.045 41.2043 164.827
19.2 200.043 41.206 164.827
19.3 200.042 41.2076 164.827
19.4 200.04 41.2091 164.827
19.5 200.038 41.2106 164.827
19.6 200.035 41.212 164.828
19.7 200.033 41.2134 164.829
19.8 200.03 41.2146 164.83
19.9 200.028 41.2157 164.832
20 200.025 41.2168 164.833
20.1 200.022 41.2177 164.835
20.2 200.02 41.2185 164.837
20.3 200.017 41.2193 164.839
20.4 200.014 41.2199 164.841
20.5 200.012 41.2204 164.843
20.6 200.009 41.2209 164.844
20.7 200.007 41.2212 164.846
20.8 200.005 41.2215 164.848
20.9 200.003 41.2216 164.85
21 200.001 41.2217 164.852
21.1 199.999 41.2218 164.854
21.2 199.997 41.2217 164.855
21.3 199.996 41.2216 164.857
21.4 199.995 41.2215 164.858
21.5 199.993 41.2213 164.86
21.6 199.992 41.221 164.861
21.7 199.992 41.2208 164.862
21.8 199.991 41.2204 164.863
21.9 199.99 41.2201 164.864
22 199.99 41.2197 164.865
22.1 199.99 41.2194 164.866
22.2 199.99 41.219 164.866
22.3 199.989 41.2186 164.867
22.4 199.99 41.2182 164.867
22.5 199.99 41.2178 164.867
22.6 199.99 41.2174 164.868
22.7 199.99 41.217 164.868
22.8 199.991 41.2167 164.868
22.9 199.991 41.2163 164.868
23 199.992 41.216 164.868
23.1 199.992 41.2157 164.867
23.2 199.993 41.2154 164.867
23.3 199.993 41.2151 164.867
23.4 199.994 41.2149 164.867
23.5 199.994 41.2146 164.866
23.6 199.995 41.2144 164.866
23.7 199.996 41.2142 164.865
23.8 199.996 41.2141 164.865
23.9 199.997 41.2139 164.865
24 199.997 41.2138 164.864
24.1 199.998 41.2137 164.864
24.2 199.999 41.2136 164.863
24.3 199.999 41.2136 164.863
24.4 199.999 41.2135 164.862
24.5 200 41.2135 164.862
24.6 200 41.2135 164.862
24.7 200.001 41.2135 164.861
24.8 200.001 41.2136 164.861
24.9 200.001 41.2136 164.861
25 200.002 41.2136 164.86
25.1 200.002 41.2137 164.86
25.2 200.002 41.2138 164.86
25.3 200.002 41.2138 164.859
25.4 200.002 41.2139 164.859
25.5 200.002 41.214 164.859
25.6 200.002 41.2141 164.859
25.7 200.002 41.2142 164.859
25.8 200.002 41.2143 164.859
25.9 200.002 41.2143 164.859
26 200.002 41.2144 164.859
26.1 200.002 41.2145 164.858
26.2 200.002 41.2146 164.858
26.3 200.002 41.2147 164.858
26.4 200.002 41.2148 164.858
26.5 200.002 41.2148 164.859
26.6 200.002 41.2149 164.859
26.7 200.002 41.215 164.859
26.8 200.002 41.215 164.859
26.9 200.001 41.2151 164.859
27 200.001 41.2152 164.859
27.1 200.001 41.2152 164.859
27.2 200.001 41.2152 164.859
27.3 200.001 41.2153 164.859
27.4 200.001 41.2153 164.859
27.5 200.001 41.2153 164.859
27.6 200 41.2154 164.859
27.7 200 41.2154 164.86
27.8 200 41.2154 164.86
27.9 200 41.2154 164.86
28 200 41.2154 164.86
28.1 200 41.2154 164.86
28.2 200 41.2154 164.86
28.3 200 41.2154 164.86
28.4 200 41.2154 164.86
28.5 200 41.2154 164.86
28.6 200 41.2154 164.86
28.7 200 41.2153 164.86
28.8 200 41.2153 164.86
28.9 199.999 41.2153 164.86
29 199.999 41.2153 164.86
29.1 199.999 41.2153 164.86
29.2 199.999 41.2152 164.861
29.3 199.999 41.2152 164.861
29.4 199.999 41.2152 164.861
29.5 199.999 41.2152 164.861
29.6 199.999 41.2152 164.861
29.7 200 41.2151 164.861
29.8 200 41.2151 164.861
29.9 200 41.2151 164.861
30 200 41.2151 164.861
30.1 200 41.2151 164.861
30.2 200 41.2151 164.861
30.3 200 41.215 164.861
30.4 200 41.215 164.861
30.5 200 41.215 164.86
30.6 200 41.215 164.86
30.7 200 41.215 164.86
30.8 200 41.215 164.86
30.9 200 41.215 164.86
31 200 41.215 164.86
31.1 200 41.215 164.86
31.2 200 41.215 164.86
31.3 200 41.215 164.86
31.4 200 41.215 164.86
31.5 200 41.215 164.86
31.6 200 41.215 164.86
31.7 200 41.215 164.86
31.8 200 41.215 164.86
31.9 200 41.215 164.86
32 200 41.215 164.86
32.1 200 41.215 164.86
32.2 200 41.215 164.86
32.3 200 41.215 164.86
32.4 200 41.215 164.86
32.5 200 41.215 164.86
32.6 200 41.215 164.86
32.7 200 41.215 164.86
32.8 200 41.215 164.86
32.9 200 41.215 164.86
33 200 41.215 164.86
33.1 200 41.215 164.86
33.2 200 41.215 164.86
33.3 200 41.215 164.86
33.4 200 41.215 164.86
33.5 200 41.215 164.86
33.6 200 41.215 164.86
33.7 200 41.215 164.86
33.8 200 41.215 164.86
33.9 200 41.2151 164.86
34 200 41.2151 164.86
34.1 200 41.2151 164.86
34.2 200 41.2151 164.86
34.3 200 41.2151 164.86
34.4 200 41.2151 164.86
34.5 200 41.2151 164.86
34.6 200 41.2151 164.86
34.7 200 41.2151 164.86
34.8 200 41.2151 164.86
34.9 200 41.2151 164.86
35 200 41.2151 164.86
35.1 200 41.2151 164.86
35.2 200 41.2151 164.86
35.3 200 41.2151 164.86
35.4 200 41.2151 164.86
35.5 200 41.2151 164.86
35.6 200 41.2151 164.86
35.7 200 41.2151 164.86
35.8 200 41.2151 164.86
35.9 200 41.2151 164.86
36 200 41.2151 164.86
36.1 200 41.2151 164.86
36.2 200 41.2151 164.86
36.3 200 41.2151 164.86
36.4 200 41.2151 164.86
36.5 200 41.2151 164.86
36.6 200 41.2151 164.86
36.7 200 41.2151 164.86
36.8 200 41.2151 164.86
36.9 200 41.2151 164.86
37 200 41.215 164.86
37.1 200 41.215 164.86
37.2 200 41.215 164.86
37.3 200 41.215 164.86
37.4 200 41.215 164.86
37.5 200 41.215 164.86
37.6 200 41.215 164.86
37.7 200 41.215 164.86
37.8 200 41.215 164.86
37.9 200 41.215 164.86
38 200 41.215 164.86
38.1 200 41.215 164.86
38.2 200 41.215 164.86
38.3 200 41.215 164.86
38.4 200 41.215 164.86
38.5 200 41.215 164.86
38.6 200 41.215 164.86
38.7 200 41.215 164.86
38.8 200 41.215 164.86
38.9 200 41.215 164.86
39 200 41.215 164.86
39.1 200 41.215 164.86
39.2 200 41.215 164.86
39.3 200 41.215 164.86
39.4 200 41.215 164.86
39.5 200 41.215 164.86
39.6 200 41.215 164.86
39.7 200 41.215 164.86
39.8 200 41.215 164.86
39.9 200 41.215 164.86
40 200 41.215 164.86
40.1 200 41.215 164.86
40.2 200 41.215 164.86
40.3 200 41.215 164.86
40.4 200 41.215 164.86
40.5 200 41.215 164.86
40.6 200 41.215 164.86
40.7 200 41.215 164.86
40.8 200 41.215 164.86
40.9 200 41.215 164.86
41 200 41.215 164.86
41.1 200 41.215 164.86
41.2 200 41.215 164.86
41.3 200 41.215 164.86
41.4 200 41.215 164.86
41.5 200 41.215 164.86
41.6 200 41.215 164.86
41.7 200 41.215 164.86
41.8 200 41.215 164.86
41.9 200 41.215 164.86
42 200 41.215 164.86
42.1 200 41.215 164.86
42.2 200 41.215 164.86
42.3 200 41.215 164.86
42.4 200 41.215 164.86
42.5 200 41.215 164.86
42.6 200 41.215 164.86
42.7 200 41.215 164.86
42.8 200 41.215 164.86
42.9 200 41.215 164.86
43 200 41.215 164.86
43.1 200 41.215 164.86
43.2 200 41.215 164.86
43.3 200 41.215 164.86
43.4 200 41.215 164.86
43.5 200 41.215 164.86
43.6 200 41.215 164.86
43.7 200 41.215 164.86
43.8 200 41.215 164.86
43.9 200 41.215 164.86
44 200 41.215 164.86
44.1 200 41.215 164.86
44.2 200 41.215 164.86
44.3 200 41.215 164.86
44.4 200 41.215 164.86
44.5 200 41.215 164.86
44.6 200 41.215 164.86
44.7 200 41.215 164.86
44.8 200 41.215 164.86
44.9 200 41.215 164.86
45 200 41.215 164.86
45.1 200 41.215 164.86
45.2 200 41.215 164.86
45.3 200 41.215 164.86
45.4 200 41.215 164.86
45.5 200 41.215 164.86
45.6 200 41.215 164.86
45.7 200 41.215 164.86
45.8 200 41.215 164.86
45.9 200 41.215 164.86
46 200 41.215 164.86
46.1 200 41.215 164.86
46.2 200 41.215 164.86
46.3 200 41.215 164.86
46.4 200 41.215 164.86
46.5 200 41.215 164.86
46.6 200 41.215 164.86
46.7 200 41.215 164.86
46.8 200 41.215 164.86
46.9 200 41.215 164.86
47 200 41.215 164.86
47.1 200 41.215 164.86
47.2 200 41.215 164.86
47.3 200 41.215 164.86
47.4 200 41.215 164.86
47.5 200 41.215 164.86
47.6 200 41.215 164.86
47.7 200 41.215 164.86
47.8 200 41.215 164.86
47.9 200 41.215 164.86
48 200 41.215 164.86
48.1 200 41.215 164.86
48.2 200 41.215 164.86
48.3 200 41.215 164.86
48.4 200 41.215 164.86
48.5 200 41.215 164.86
48.6 200 41.215 164.86
48.7 200 41.215 164.86
48.8 200 41.215 164.86
48.9 200 41.215 164.86
49 200 41.215 164.86
49.1 200 41.215 164.86
49.2 200 41.215 164.86
49.3 200 41.215 164.86
49.4 200 41.215 164.86
49.5 200 41.215 164.86
49.6 200 41.215 164.86
49.7 200 41.215 164.86
49.8 200 41.215 164.86
49.9 200 41.215 164.86
50 200 41.215 164.86
50.1 200 41.215 164.86
50.2 200 41.215 164.86
50.3 200 41.215 164.86
50.4 200 41.215 164.86
50.5 200 41.215 164.86
50.6 200 41.215 164.86
50.7 200 41.215 164.86
50.8 200 41.215 164.86
50.9 200 41.215 164.86
51 200 41.215 164.86
51.1 200 41.215 164.86
51.2 200 41.215 164.86
51.3 200 41.215 164.86
51.4 200 41.215 164.86
51.5 200 41.215 164.86
51.6 200 41.215 164.86
51.7 200 41.215 164.86
51.8 200 41.215 164.86
51.9 200 41.215 164.86
52 200 41.215 164.86
52.1 200 41.215 164.86
52.2 200 41.215 164.86
52.3 200 41.215 164.86
52.4 200 41.215 164.86
52.5 200 41.215 164.86
52.6 200 41.215 164.86
52.7 200 41.215 164.86
52.8 200 41.215 164.86
52.9 200 41.215 164.86
53 200 41.215 164.86
53.1 200 41.215 164.86
53.2 200 41.215 164.86
53.3 200 41.215 164.86
53.4 200 41.215 164.86
53.5 200 41.215 164.86
53.6 200 41.215 164.86
53.7 200 41.215 164.86
53.8 200 41.215 164.86
53.9 200 41.215 164.86
54 200 41.215 164.86
54.1 200 41.215 164.86
54.2 200 41.215 164.86
54.3 200 41.215 164.86
54.4 200 41.215 164.86
54.5 200 41.215 164.86
54.6 200 41.215 164.86
54.7 200 41.215 164.86
54.8 200 41.215 164.86
54.9 200 41.215 164.86
55 200 41.215 164.86
55.1 200 41.215 164.86
55.2 200 41.215 164.86
55.3 200 41.215 164.86
55.4 200 41.215 164.86
55.5 200 41.215 164.86
55.6 200 41.215 164.86
55.7 200 41.215 164.86
55.8 200 41.215 164.86
55.9 200 41.215 164.86
56 200 41.215 164.86
56.1 200 41.215 164.86
56.2 200 41.215 164.86
56.3 200 41.215 164.86
56.4 200 41.215 164.86
56.5 200 41.215 164.86
56.6 200 41.215 164.86
56.7 200 41.215 164.86
56.8 200 41.215 164.86
56.9 200 41.215 164.86
57 200 41.215 164.86
57.1 200 41.215 164.86
57.2 200 41.215 164.86
57.3 200 41.215 164.86
57.4 200 41.215 164.86
57.5 200 41.215 164.86
57.6 200 41.215 164.86
57.7 200 41.215 164.86
57.8 200 41.215 164.86
57.9 200 41.215 164.86
58 200 41.215 164.86
58.1 200 41.215 164.86
58.2 200 41.215 164.86
58.3 200 41.215 164.86
58.4 200 41.215 164.86
58.5 200 41.215 164.86
58.6 200 41.215 164.86
58.7 200 41.215 164.86
58.8 200 41.215 164.86
58.9 200 41.215 164.86
59 200 41.215 164.86
59.1 200 41.215 164.86
59.2 200 41.215 164.86
59.3 200 41.215 164.86
59.4 200 41.215 164.86
59.5 200 41.215 164.86
59.6 200 41.215 164.86
59.7 200 41.215 164.86
59.8 200 41.215 164.86
59.9 200 41.215 164.86
60 200 41.215 164.86
60.1 200 41.215 164.86
60.2 200 41.215 164.86
60.3 200 41.215 164.86
60.4 200 41.215 164.86
60.5 200 41.215 164.86
60.6 200 41.215 164.86
60.7 200 41.215 164.86
60.8 200 41.215 164.86
60.9 200 41.215 164.86
61 200 41.215 164.86
61.1 200 41.215 164.86
61.2 200 41.215 164.86
61.3 200 41.215 164.86
61.4 200 41.215 164.86
61.5 200 41.215 164.86
61.6 200 41.215 164.86
61.7 200 41.215 164.86
61.8 200 41.215 164.86
61.9 200 41.215 164.86
62 200 41.215 164.86
62.1 200 41.215 164.86
62.2 200 41.215 164.86
62.3 200 41.215 164.86
62.4 200 41.215 164.86
62.5 200 41.215 164.86
62.6 200 41.215 164.86
62.7 200 41.215 164.86
62.8 200 41.215 164.86
62.9 200 41.215 164.86
63 200 41.215 164.86
63.1 200 41.215 164.86
63.2 200 41.215 164.86
63.3 200 41.215 164.86
63.4 200 41.215 164.86
63.5 200 41.215 164.86
63.6 200 41.215 164.86
63.7 200 41.215 164.86
63.8 200 41.215 164.86
63.9 200 41.215 164.86
64 200 41.215 164.86
64.1 200 41.215 164.86
64.2 200 41.215 164.86
64.3 200 41.215 164.86
64.4 200 41.215 164.86
64.5 200 41.215 164.86
64.6 200 41.215 164.86
64.7 200 41.215 164.86
64.8 200 41.215 164.86
64.9 200 41.215 164.86
65 200 41.215 164.86
65.1 200 41.215 164.86
65.2 200 41.215 164.86
65.3 200 41.215 164.86
65.4 200 41.215 164.86
65.5 200 41.215 164.86
65.6 200 41.215 164.86
65.7 200 41.215 164.86
65.8 200 41.215 164.86
65.9 200 41.215 164.86
66 200 41.215 164.86
66.1 200 41.215 164.86
66.2 200 41.215 164.86
66.3 200 41.215 164.86
66.4 200 41.215 164.86
66.5 200 41.215 164.86
66.6 200 41.215 164.86
66.7 200 41.215 164.86
66.8 200 41.215 164.86
66.9 200 41.215 164.86
67 200 41.215 164.86
67.1 200 41.215 164.86
67.2 200 41.215 164.86
67.3 200 41.215 164.86
67.4 200 41.215 164.86
67.5 200 41.215 164.86
67.6 200 41.215 164.86
67.7 200 41.215 164.86
67.8 200 41.215 164.86
67.9 200 41.215 164.86
68 200 41.215 164.86
68.1 200 41.215 164.86
68.2 200 41.215 164.86
68.3 200 41.215 164.86
68.4 200 41.215 164.86
68.5 200 41.215 164.86
68.6 200 41.215 164.86
68.7 200 41.215 164.86
68.8 200 41.215 164.86
68.9 200 41.215 164.86
69 200 41.215 164.86
69.1 200 41.215 164.86
69.2 200 41.215 164.86
69.3 200 41.215 164.86
69.4 200 41.215 164.86
69.5 200 41.215 164.86
69.6 200 41.215 164.86
69.7 200 41.215 164.86
69.8 200 41.215 164.86
69.9 200 41.215 164.86
70 200 41.215 164.86
70.1 200 41.215 164.86
70.2 200 41.215 164.86
70.3 200 41.215 164.86
70.4 200 41.215 164.86
70.5 200 41.215 164.86
70.6 200 41.215 164.86
70.7 200 41.215 164.86
70.8 200 41.215 164.86
70.9 200 41.215 164.86
71 200 41.215 164.86
71.1 200 41.215 164.86
71.2 200 41.215 164.86
71.3 200 41.215 164.86
71.4 200 41.215 164.86
71.5 200 41.215 164.86
71.6 200 41.215 164.86
71.7 200 41.215 164.86
71.8 200 41.215 164.86
71.9 200 41.215 164.86
72 200 41.215 164.86
72.1 200 41.215 164.86
72.2 200 41.215 164.86
72.3 200 41.215 164.86
72.4 200 41.215 164.86
72.5 200 41.215 164.86
72.6 200 41.215 164.86
72.7 200 41.215 164.86
72.8 200 41.215 164.86
72.9 200 41.215 164.86
73 200 41.215 164.86
73.1 200 41.215 164.86
73.2 200 41.215 164.86
73.3 200 41.215 164.86
73.4 200 41.215 164.86
73.5 200 41.215 164.86
73.6 200 41.215 164.86
73.7 200 41.215 164.86
73.8 200 41.215 164.86
73.9 200 41.215 164.86
74 200 41.215 164.86
74.1 200 41.215 164.86
74.2 200 41.215 164.86
74.3 200 41.215 164.86
74.4 200 41.215 164.86
74.5 200 41.215 164.86
74.6 200 41.215 164.86
74.7 200 41.215 164.86
74.8 200 41.215 164.86
74.9 200 41.215 164.86
75 200 41.215 164.86
75.1 200 41.215 164.86
75.2 200 41.215 164.86
75.3 200 41.215 164.86
75.4 200 41.215 164.86
75.5 200 41.215 164.86
75.6 200 41.215 164.86
75.7 200 41.215 164.86
75.8 200 41.215 164.86
75.9 200 41.215 164.86
76 200 41.215 164.86
76.1 200 41.215 164.86
76.2 200 41.215 164.86
76.3 200 41.215 164.86
76.4 200 41.215 164.86
76.5 200 41.215 164.86
76.6 200 41.215 164.86
76.7 200 41.215 164.86
76.8 200 41.215 164.86
76.9 200 41.215 164.86
77 200 41.215 164.86
77.1 200 41.215 164.86
77.2 200 41.215 164.86
77.3 200 41.215 164.86
77.4 200 41.215 164.86
77.5 200 41.215 164.86
77.6 200 41.215 164.86
77.7 200 41.215 164.86
77.8 200 41.215 164.86
77.9 200 41.215 164.86
78 200 41.215 164.86
78.1 200 41.215 164.86
78.2 200 41.215 164.86
78.3 200 41.215 164.86
78.4 200 41.215 164.86
78.5 200 41.215 164.86
78.6 200 41.215 164.86
78.7 200 41.215 164.86
78.8 200 41.215 164.86
78.9 200 41.215 164.86
79 200 41.215 164.86
79.1 200 41.215 164.86
79.2 200 41.215 164.86
79.3 200 41.215 164.86
79.4 200 41.215 164.86
79.5 200 41.215 164.86
79.6 200 41.215 164.86
79.7 200 41.215 164.86
79.8 200 41.215 164.86
79.9 200 41.215 164.86
80 200 41.215 164.86
80.1 200 41.215 164.86
80.2 200 41.215 164.86
80.3 200 41.215 164.86
80.4 200 41.215 164.86
80.5 200 41.215 164.86
80.6 200 41.215 164.86
80.7 200 41.215 164.86
80.8 200 41.215 164.86
80.9 200 41.215 164.86
81 200 41.215 164.86
81.1 200 41.215 164.86
81.2 200 41.215 164.86
81.3 200 41.215 164.86
81.4 200 41.215 164.86
81.5 200 41.215 164.86
81.6 200 41.215 164.86
81.7 200 41.215 164.86
81.8 200 41.215 164.86
81.9 200 41.215 164.86
82 200 41.215 164.86
82.1 200 41.215 164.86
82.2 200 41.215 164.86
82.3 200 41.215 164.86
82.4 200 41.215 164.86
82.5 200 41.215 164.86
82.6 200 41.215 164.86
82.7 200 41.215 164.86
82.8 200 41.215 164.86
82.9 200 41.215 164.86
83 200 41.215 164.86
83.1 200 41.215 164.86
83.2 200 41.215 164.86
83.3 200 41.215 164.86
83.4 200 41.215 164.86
83.5 200 41.215 164.86
83.6 200 41.215 164.86
83.7 200 41.215 164.86
83.8 200 41.215 164.86
83.9 200 41.215 164.86
84 200 41.215 164.86
84.1 200 41.215 164.86
84.2 200 41.215 164.86
84.3 200 41.215 164.86
84.4 200 41.215 164.86
84.5 200 41.215 164.86
84.6 200 41.215 164.86
84.7 200 41.215 164.86
84.8 200 41.215 164.86
84.9 200 41.215 164.86
85 200 41.215 164.86
85.1 200 41.215 164.86
85.2 200 41.215 164.86
85.3 200 41.215 164.86
85.4 200 41.215 164.86
85.5 200 41.215 164.86
85.6 200 41.215 164.86
85.7 200 41.215 164.86
85.8 200 41.215 164.86
85.9 200 41.215 164.86
86 200 41.215 164.86
86.1 200 41.215 164.86
86.2 200 41.215 164.86
86.3 200 41.215 164.86
86.4 200 41.215 164.86
86.5 200 41.215 164.86
86.6 200 41.215 164.86
86.7 200 41.215 164.86
86.8 200 41.215 164.86
86.9 200 41.215 164.86
87 200 41.215 164.86
87.1 200 41.215 164.86
87.2 200 41.215 164.86
87.3 200 41.215 164.86
87.4 200 41.215 164.86
87.5 200 41.215 164.86
87.6 200 41.215 164.86
87.7 200 41.215 164.86
87.8 200 41.215 164.86
87.9 200 41.215 164.86
88 200 41.215 164.86
88.1 200 41.215 164.86
88.2 200 41.215 164.86
88.3 200 41.215 164.86
88.4 200 41.215 164.86
88.5 200 41.215 164.86
88.6 200 41.215 164.86
88.7 200 41.215 164.86
88.8 200 41.215 164.86
88.9 200 41.215 164.86
89 200 41.215 164.86
89.1 200 41.215 164.86
89.2 200 41.215 164.86
89.3 200 41.215 164.86
89.4 200 41.215 164.86
89.5 200 41.215 164.86
89.6 200 41.215 164.86
89.7 200 41.215 164.86
89.8 200 41.215 164.86
89.9 200 41.215 164.86
90 200 41.215 164.86
90.1 200 41.215 164.86
90.2 200 41.215 164.86
90.3 200 41.215 164.86
90.4 200 41.215 164.86
90.5 200 41.215 164.86
90.6 200 41.215 164.86
90.7 200 41.215 164.86
90.8 200 41.215 164.86
90.9 200 41.215 164.86
91 200 41.215 164.86
91.1 200 41.215 164.86
91.2 200 41.215 164.86
91.3 200 41.215 164.86
91.4 200 41.215 164.86
91.5 200 41.215 164.86
91.6 200 41.215 164.86
91.7 200 41.215 164.86
91.8 200 41.215 164.86
91.9 200 41.215 164.86
92 200 41.215 164.86
92.1 200 41.215 164.86
92.2 200 41.215 164.86
92.3 200 41.215 164.86
92.4 200 41.215 164.86
92.5 200 41.215 164.86
92.6 200 41.215 164.86
92.7 200 41.215 164.86
92.8 200 41.215 164.86
92.9 200 41.215 164.86
93 200 41.215 164.86
93.1 200 41.215 164.86
93.2 200 41.215 164.86
93.3 200 41.215 164.86
93.4 200 41.215 164.86
93.5 200 41.215 164.86
93.6 200 41.215 164.86
93.7 200 41.215 164.86
93.8 200 41.215 164.86
93.9 200 41.215 164.86
94 200 41.215 164.86
94.1 200 41.215 164.86
94.2 200 41.215 164.86
94.3 200 41.215 164.86
94.4 200 41.215 164.86
94.5 200 41.215 164.86
94.6 200 41.215 164.86
94.7 200 41.215 164.86
94.8 200 41.215 164.86
94.9 200 41.215 164.86
95 200 41.215 164.86
95.1 200 41.215 164.86
95.2 200 41.215 164.86
95.3 200 41.215 164.86
95.4 200 41.215 164.86
95.5 200 41.215 164.86
95.6 200 41.215 164.86
95.7 200 41.215 164.86
95.8 200 41.215 164.86
95.9 200 41.215 164.86
96 200 41.215 164.86
96.1 200 41.215 164.86
96.2 200 41.215 164.86
96.3 200 41.215 164.86
96.4 200 41.215 164.86
96.5 200 41.215 164.86
96.6 200 41.215 164.86
96.7 200 41.215 164.86
96.8 200 41.215 164.86
96.9 200 41.215 164.86
97 200 41.215 164.86
97.1 200 41.215 164.86
97.2 200 41.215 164.86
97.3 200 41.215 164.86
97.4 200 41.215 164.86
97.5 200 41.215 164.86
97.6 200 41.215 164.86
97.7 200 41.215 164.86
97.8 200 41.215 164.86
97.9 200 41.215 164.86
98 200 41.215 164.86
98.1 200 41.215 164.86
98.2 200 41.215 164.86
98.3 200 41.215 164.86
98.4 200 41.215 164.86
98.5 200 41.215 164.86
98.6 200 41.215 164.86
98.7 200 41.215 164.86
98.8 200 41.215 164.86
98.9 200 41.215 164.86
99 200 41.215 164.86
99.1 200 41.215 164.86
99.2 200 41.215 164.86
99.3 200 41.215 164.86
99.4 200 41.215 164.86
99.5 200 41.215 164.86
99.6 200 41.215 164.86
99.7 200 41.215 164.86
99.8 200 41.215 164.86
99.9 200 41.215 164.86
100 200 41.215 164.86
-----------------------------------------
